0.929914
0.781974
0.900326
0.849604
0.820015
0.790427
0.908780
0.874965
0.980637
0.921461
0.967956
0.904553
0.853831
0.913007
0.917234
0.946822
0.870738
0.862284
0.904553
0.938368
1.056721
0.858057
0.870738
0.836923
0.900326
0.887646
0.807335
0.904553
0.887646
0.951049
0.879192
1.010225
0.874965
0.862284
0.807335
0.900326
0.815789
0.824242
0.841150
0.862284
0.862284
0.913007
0.870738
0.803108
0.891873
0.866511
0.756612
0.786200
0.849604
0.748158
0.697436
0.781974
0.803108
0.777747
0.765066
0.748158
0.667848
0.684755
0.908780
0.853831
0.688982
0.693209
0.697436
0.701663
0.663621
0.638259
0.663621
0.617125
0.672075
0.600218
0.650940
0.621352
0.600218
0.642486
0.553722
0.574856
0.591764
0.557949
0.549495
0.511453
0.541041
0.536814
0.460730
0.524134
0.511453
0.519907
0.494545
0.469184
0.460730
0.464957
0.439596
0.494545
0.486092
0.490319
0.426915
0.498772
0.435369
0.376193
0.452277
0.393100
0.388873
0.452277
0.359285
0.401554
0.393100
0.422688
0.418462
0.410008
0.414235
0.418462
0.376193
0.469184
0.418462
0.452277
0.431142
0.426915
0.422688
0.422688
0.443823
0.452277
0.469184
0.439596
0.490319
0.456503
0.448050
0.473411
0.469184
0.460730
0.439596
0.515680
0.410008
0.486092
0.435369
0.418462
0.376193
0.338151
0.414235
0.414235
0.481865
0.469184
0.431142
0.456503
0.486092
0.507226
0.486092
0.473411
0.477638
0.439596
0.401554
0.426915
0.401554
0.448050
0.456503
0.431142
0.384646
0.452277
0.477638
0.371966
0.545268
0.448050
0.405781
0.456503
0.456503
0.486092
0.464957
0.477638
0.524134
0.595991
0.524134
0.553722
0.426915
0.456503
0.511453
0.528360
0.532587
0.566402
0.486092
0.511453
0.515680
0.469184
0.473411
0.549495
0.528360
0.541041
0.452277
0.460730
0.435369
0.452277
0.583310
0.498772
0.549495
0.473411
0.528360
0.532587
0.549495
0.553722
0.532587
0.553722
0.557949
0.557949
0.591764
0.583310
0.553722
0.595991
0.595991
0.557949
0.524134
0.612898
0.587537
0.612898
0.557949
0.591764
0.604444
0.612898
0.557949
0.549495
0.646713
0.595991
0.553722
0.536814
0.587537
0.583310
0.617125
0.604444
0.621352
0.528360
0.604444
0.579083
0.583310
0.532587
0.600218
0.524134
0.536814
0.574856
0.545268
0.494545
0.549495
0.528360
0.574856
0.549495
0.486092
0.524134
0.570629
0.477638
0.553722
0.498772
0.536814
0.486092
0.507226
0.469184
0.515680
0.469184
0.494545
0.490319
0.486092
0.502999
0.515680
0.498772
0.490319
0.507226
0.511453
0.507226
0.515680
0.557949
0.519907
0.502999
0.536814
0.536814
0.566402
0.511453
0.502999
0.502999
0.583310
0.426915
0.502999
0.460730
0.498772
0.511453
0.460730
0.519907
0.460730
0.460730
0.536814
0.507226
0.528360
0.515680
0.481865
0.477638
0.460730
0.481865
0.536814
0.498772
0.498772
0.519907
0.515680
0.532587
0.536814
0.524134
0.519907
0.574856
0.519907
0.557949
0.579083
0.583310
0.629806
0.587537
0.562176
0.557949
0.549495
0.519907
0.591764
0.600218
0.549495
0.507226
0.562176
0.566402
0.570629
0.532587
0.557949
0.502999
0.515680
0.553722
0.655167
0.553722
0.486092
0.549495
0.519907
0.490319
0.431142
0.536814
0.443823
0.456503
0.507226
0.473411
0.490319
0.498772
0.439596
0.464957
0.456503
0.473411
0.456503
0.443823
0.553722
0.431142
0.541041
0.464957
0.486092
0.477638
0.469184
0.435369
0.464957
0.464957
0.490319
0.469184
0.490319
0.477638
0.469184
0.532587
0.490319
0.490319
0.456503
0.481865
0.498772
0.422688
0.498772
0.452277
0.481865
0.439596
0.473411
0.469184
0.426915
0.464957
0.418462
0.481865
0.418462
0.486092
0.452277
0.426915
0.464957
0.448050
0.460730
0.515680
0.490319
0.439596
0.502999
0.473411
0.490319
0.494545
0.502999
0.536814
0.486092
0.486092
0.363512
0.515680
0.435369
0.511453
0.515680
0.498772
0.486092
0.460730
0.477638
0.511453
0.524134
0.519907
0.557949
0.498772
0.494545
0.469184
0.486092
0.570629
0.519907
0.587537
0.524134
0.562176
0.507226
0.532587
0.481865
0.549495
0.574856
0.541041
0.553722
0.562176
0.456503
0.477638
0.486092
0.532587
0.511453
0.532587
0.498772
0.536814
0.469184
0.587537
0.481865
0.477638
0.587537
0.498772
0.494545
0.519907
0.515680
0.511453
0.481865
0.490319
0.426915
0.545268
0.384646
0.464957
0.473411
0.515680
0.448050
0.473411
0.490319
0.477638
0.486092
0.498772
0.502999
0.519907
0.562176
0.528360
0.570629
0.519907
0.524134
0.557949
0.541041
0.477638
0.553722
0.549495
0.562176
0.557949
0.587537
0.541041
0.532587
0.583310
0.452277
0.612898
0.511453
0.549495
0.490319
0.566402
0.553722
0.587537
0.553722
0.541041
0.490319
0.511453
0.557949
0.608671
0.541041
0.502999
0.562176
0.511453
0.536814
0.528360
0.426915
0.528360
0.494545
0.532587
0.528360
0.464957
0.490319
0.502999
0.481865
0.448050
0.464957
0.549495
0.528360
0.528360
0.536814
0.532587
0.469184
0.574856
0.545268
0.541041
0.498772
0.553722
0.579083
0.541041
0.545268
0.507226
0.536814
0.532587
0.545268
0.452277
0.515680
0.591764
0.524134
0.481865
0.541041
0.557949
0.557949
0.570629
0.553722
0.532587
0.490319
0.490319
0.545268
0.502999
0.490319
0.473411
0.511453
0.452277
0.477638
0.507226
0.507226
0.498772
0.486092
0.481865
0.502999
0.464957
0.469184
0.418462
0.380420
0.502999
0.524134
0.490319
0.397327
0.515680
0.490319
0.448050
0.490319
0.443823
0.469184
0.464957
0.481865
0.498772
0.591764
0.486092
0.494545
0.587537
0.659394
0.570629
0.574856
0.557949
0.507226
0.536814
0.549495
0.557949
0.545268
0.553722
0.625579
0.650940
0.562176
0.642486
0.608671
0.731251
0.663621
0.710117
0.629806
0.646713
0.760839
0.760839
0.684755
0.663621
0.701663
0.684755
0.629806
0.701663
0.629806
0.608671
0.663621
0.781974
0.663621
0.672075
0.663621
0.769293
0.743932
0.701663
0.727024
0.667848
0.650940
0.684755
0.701663
0.722797
0.684755
0.625579
0.727024
0.659394
0.625579
0.667848
0.562176
0.642486
0.579083
0.604444
0.625579
0.608671
0.604444
0.595991
0.557949
0.566402
0.536814
0.566402
0.532587
0.583310
0.562176
0.570629
0.595991
0.591764
0.562176
0.507226
0.541041
0.612898
0.528360
0.566402
0.477638
0.507226
0.570629
0.570629
0.473411
0.464957
0.557949
0.439596
0.469184
0.464957
0.498772
0.456503
0.477638
0.469184
0.452277
0.477638
0.414235
0.426915
0.439596
0.431142
0.410008
0.426915
0.448050
0.418462
0.418462
0.456503
0.439596
0.418462
0.418462
0.452277
0.426915
0.380420
0.452277
0.426915
0.418462
0.443823
0.439596
0.431142
0.515680
0.363512
0.388873
0.439596
0.452277
0.418462
0.448050
0.469184
0.422688
0.448050
0.502999
0.502999
0.456503
0.490319
0.507226
0.477638
0.490319
0.579083
0.511453
0.532587
0.507226
0.498772
0.536814
0.583310
0.549495
0.481865
0.532587
0.515680
0.515680
0.519907
0.469184
0.460730
0.490319
0.524134
0.494545
0.435369
0.494545
0.570629
0.469184
0.502999
0.443823
0.595991
0.562176
0.490319
0.600218
0.562176
0.524134
0.587537
0.528360
0.494545
0.562176
0.541041
0.464957
0.625579
0.672075
0.541041
0.545268
0.579083
0.507226
0.621352
0.579083
0.617125
0.667848
0.650940
0.604444
0.663621
0.612898
0.659394
0.646713
0.642486
0.629806
0.464957
0.672075
0.562176
0.672075
0.617125
0.629806
0.629806
0.587537
0.629806
0.595991
0.638259
0.608671
0.528360
0.507226
0.566402
0.663621
0.587537
0.549495
0.553722
0.638259
0.570629
0.574856
0.608671
0.557949
0.591764
0.583310
0.625579
0.591764
0.587537
0.612898
0.629806
0.532587
0.612898
0.600218
0.591764
0.608671
0.557949
0.566402
0.566402
0.574856
0.562176
0.515680
0.638259
0.536814
0.545268
0.642486
0.562176
0.532587
0.574856
0.549495
0.600218
0.570629
0.549495
0.528360
0.541041
0.528360
0.532587
0.515680
0.515680
0.515680
0.473411
0.443823
0.519907
0.439596
0.460730
0.443823
0.486092
0.481865
0.502999
0.477638
0.431142
0.435369
0.469184
0.464957
0.426915
0.452277
0.469184
0.464957
0.494545
0.502999
0.456503
0.515680
0.460730
0.477638
0.515680
0.481865
0.507226
0.498772
0.507226
0.511453
0.507226
0.532587
0.456503
0.519907
0.532587
0.511453
0.541041
0.439596
0.532587
0.600218
0.473411
0.486092
0.519907
0.494545
0.515680
0.545268
0.502999
0.502999
0.545268
0.519907
0.502999
0.532587
0.511453
0.507226
0.498772
0.490319
0.541041
0.536814
0.511453
0.511453
0.532587
0.452277
0.519907
0.490319
0.490319
0.435369
0.443823
0.469184
0.464957
0.498772
0.414235
0.515680
0.456503
0.397327
0.363512
0.431142
0.422688
0.435369
0.460730
0.490319
0.393100
0.460730
0.426915
0.502999
0.494545
0.507226
0.435369
0.490319
0.498772
0.519907
0.515680
0.524134
0.545268
0.545268
0.562176
0.536814
0.545268
0.507226
0.553722
0.600218
0.553722
0.541041
0.642486
0.600218
0.600218
0.481865
0.545268
0.549495
0.536814
0.515680
0.528360
0.557949
0.549495
0.591764
0.524134
0.587537
0.524134
0.553722
0.460730
0.486092
0.502999
0.629806
0.486092
0.566402
0.490319
0.498772
0.541041
0.498772
0.443823
0.481865
0.477638
0.469184
0.443823
0.481865
0.452277
0.464957
0.464957
0.460730
0.464957
0.502999
0.524134
0.469184
0.541041
0.481865
0.477638
0.443823
0.464957
0.456503
0.473411
0.439596
0.448050
0.431142
0.490319
0.507226
0.431142
0.502999
0.494545
0.422688
0.448050
0.469184
0.464957
0.494545
0.452277
0.456503
0.486092
0.452277
0.469184
0.536814
0.498772
0.502999
0.473411
0.481865
0.498772
0.511453
0.557949
0.553722
0.579083
0.456503
0.608671
0.541041
0.600218
0.574856
0.604444
0.612898
0.532587
0.659394
0.621352
0.638259
0.646713
0.617125
0.650940
0.655167
0.684755
0.705890
0.705890
0.680528
0.553722
0.621352
0.684755
0.684755
0.748158
0.743932
0.765066
0.760839
0.853831
0.841150
0.824242
0.748158
0.917234
0.917234
0.858057
0.845377
0.870738
0.858057
0.858057
0.824242
0.887646
0.891873
0.841150
0.934141
0.921461
0.963730
0.887646
0.989091
0.841150
0.828469
0.858057
0.925688
0.904553
0.849604
0.925688
0.866511
0.955276
0.896099
0.841150
0.790427
0.841150
0.786200
0.710117
0.913007
0.879192
0.887646
0.811562
0.790427
0.760839
0.828469
0.891873
0.781974
0.765066
0.803108
0.705890
0.735478
0.781974
0.777747
0.739705
0.731251
0.781974
0.655167
0.760839
0.748158
0.714343
0.722797
0.680528
0.680528
0.612898
0.638259
0.731251
0.604444
0.600218
0.557949
0.629806
0.591764
0.612898
0.583310
0.604444
0.642486
0.608671
0.549495
0.524134
0.583310
0.532587
0.562176
0.570629
0.515680
0.549495
0.456503
0.566402
0.498772
0.490319
0.502999
0.498772
0.460730
0.431142
0.511453
0.422688
0.452277
0.460730
0.401554
0.456503
0.439596
0.388873
0.486092
0.456503
0.376193
0.418462
0.405781
0.338151
0.384646
0.405781
0.426915
0.410008
0.452277
0.380420
0.355058
0.405781
0.397327
0.397327
0.367739
0.410008
0.443823
0.397327
0.435369
0.422688
0.401554
0.443823
0.464957
0.464957
0.494545
0.456503
0.469184
0.498772
0.498772
0.435369
0.490319
0.511453
0.515680
0.486092
0.448050
0.486092
0.490319
0.528360
0.579083
0.511453
0.566402
0.570629
0.553722
0.553722
0.553722
0.490319
0.536814
0.494545
0.477638
0.519907
0.477638
0.515680
0.515680
0.460730
0.515680
0.511453
0.519907
0.553722
0.608671
0.608671
0.519907
0.519907
0.477638
0.549495
0.528360
0.519907
0.515680
0.469184
0.464957
0.452277
0.502999
0.439596
0.507226
0.557949
0.515680
0.464957
0.498772
0.435369
0.439596
0.536814
0.490319
0.486092
0.494545
0.481865
0.456503
0.524134
0.600218
0.443823
0.481865
0.519907
0.502999
0.498772
0.498772
0.477638
0.494545
0.507226
0.536814
0.410008
0.553722
0.473411
0.553722
0.524134
0.469184
0.469184
0.507226
0.502999
0.532587
0.507226
0.494545
0.464957
0.456503
0.460730
0.481865
0.481865
0.519907
0.477638
0.477638
0.553722
0.456503
0.524134
0.519907
0.393100
0.502999
0.519907
0.498772
0.545268
0.553722
0.528360
0.486092
0.498772
0.469184
0.426915
0.486092
0.574856
0.519907
0.562176
0.557949
0.460730
0.541041
0.519907
0.481865
0.494545
0.460730
0.502999
0.469184
0.494545
0.549495
0.422688
0.481865
0.511453
0.460730
0.536814
0.536814
0.494545
0.515680
0.486092
0.532587
0.490319
0.502999
0.469184
0.570629
0.477638
0.553722
0.562176
0.553722
0.541041
0.574856
0.579083
0.502999
0.545268
0.473411
0.490319
0.502999
0.549495
0.456503
0.536814
0.498772
0.511453
0.532587
0.490319
0.549495
0.490319
0.587537
0.579083
0.490319
0.486092
0.570629
0.524134
0.566402
0.511453
0.595991
0.562176
0.481865
0.541041
0.532587
0.621352
0.473411
0.612898
0.570629
0.625579
0.595991
0.439596
0.549495
0.511453
0.481865
0.494545
0.587537
0.498772
0.511453
0.443823
0.553722
0.481865
0.515680
0.528360
0.473411
0.507226
0.591764
0.502999
0.541041
0.469184
0.511453
0.464957
0.549495
0.541041
0.532587
0.511453
0.511453
0.456503
0.617125
0.469184
0.583310
0.477638
0.528360
0.545268
0.494545
0.502999
0.498772
0.507226
0.545268
0.490319
0.528360
0.532587
0.507226
0.545268
0.536814
0.511453
0.490319
0.570629
0.393100
0.562176
0.469184
0.448050
0.469184
0.536814
0.553722
0.532587
0.566402
0.587537
0.557949
0.536814
0.621352
0.583310
0.579083
0.494545
0.511453
0.549495
0.570629
0.473411
0.439596
0.557949
0.557949
0.557949
0.566402
0.591764
0.562176
0.519907
0.511453
0.532587
0.515680
0.528360
0.532587
0.532587
0.490319
0.486092
0.545268
0.519907
0.511453
0.507226
0.507226
0.507226
0.549495
0.486092
0.591764
0.498772
0.536814
0.549495
0.528360
0.469184
0.507226
0.536814
0.486092
0.515680
0.541041
0.595991
0.528360
0.464957
0.464957
0.507226
0.507226
0.532587
0.507226
0.418462
0.464957
0.439596
0.464957
0.469184
0.507226
0.486092
0.481865
0.410008
0.443823
0.477638
0.486092
0.524134
0.481865
0.452277
0.486092
0.469184
0.511453
0.473411
0.486092
0.426915
0.469184
0.498772
0.464957
0.464957
0.452277
0.418462
0.431142
0.511453
0.490319
0.410008
0.439596
0.507226
0.570629
0.574856
0.494545
0.490319
0.443823
0.346604
0.579083
0.566402
0.553722
0.579083
0.494545
0.490319
0.477638
0.545268
0.600218
0.549495
0.549495
0.557949
0.587537
0.612898
0.566402
0.591764
0.634033
0.587537
0.600218
0.570629
0.688982
0.612898
0.722797
0.739705
0.701663
0.756612
0.798881
0.735478
0.684755
0.684755
0.710117
0.760839
0.891873
0.680528
0.934141
0.858057
