-0.000584
0.000048
0.000239
0.000335
0.000240
0.000041
0.000118
0.000151
0.000102
0.000204
0.000331
0.000466
0.000406
0.000080
-0.000124
-0.000132
-0.000145
-0.000375
-0.000425
-0.000648
-0.000650
-0.000320
0.000004
0.000270
0.000303
-0.000073
0.000071
0.000008
-0.000076
-0.000069
-0.000096
-0.000138
-0.000260
-0.000070
-0.000038
0.000006
0.000025
-0.000244
-0.000080
-0.000283
-0.000219
0.000281
0.001176
0.002438
0.005089
0.011276
0.023080
0.039903
0.057159
0.078626
0.093987
0.104543
0.114970
0.115471
0.118681
0.110366
0.097779
0.083386
0.060939
0.050254
0.042217
0.036759
0.029792
0.026260
0.023082
0.022091
0.022035
0.020396
0.018789
0.018240
0.017492
0.016267
0.013189
0.010100
0.007514
0.004851
0.003058
0.003536
0.004266
0.005292
0.005553
0.005194
0.004747
0.003592
0.002941
0.002478
0.001781
0.001556
0.001179
0.000787
0.000179
-0.000161
-0.000143
0.000253
0.000524
0.000497
0.000079
-0.000031
0.000058
0.000129
0.000311
0.000308
0.000003
-0.000562
-0.000688
0.000171
0.000122
0.000207
0.000456
0.000726
0.000318
0.000271
0.000581
0.000633
0.000630
0.000590
0.000233
-0.000148
0.000066
0.000126
0.000006
-0.000119
-0.000285
-0.000440
-0.000434
-0.000230
-0.000262
-0.000216
-0.000192
-0.000131
-0.000059
0.000004
0.000234
0.000560
0.000614
0.000511
0.000283
0.000219
0.000161
-0.000005
-0.000122
0.000020
-0.000135
-0.000247
-0.000267
-0.000439
-0.000602
-0.000618
-0.000487
-0.000326
-0.000341
-0.000242
-0.000004
0.000069
0.000026
-0.000052
-0.000077
0.000038
-0.000125
-0.000282
-0.000807
-0.001735
-0.003568
-0.007980
-0.015567
-0.026726
-0.038380
-0.049423
-0.060553
-0.064072
-0.062425
-0.057464
-0.047165
-0.031401
-0.016178
-0.002920
0.006677
0.013666
0.017148
0.019250
0.019107
0.018726
0.018637
0.017620
0.018238
0.018414
0.018432
0.017944
0.016425
0.016361
0.016997
0.018232
0.019903
0.022299
0.021714
0.020407
0.017352
0.014502
0.011037
0.009151
0.008054
0.007326
0.006679
0.006035
0.005422
0.004648
0.003934
0.003253
0.002855
0.002494
0.001932
0.000954
0.000302
0.000380
0.000441
0.000414
0.000211
-0.000005
0.000013
-0.000011
0.000156
0.000177
0.000137
0.000326
0.000222
0.000104
0.000038
0.000051
0.000175
-0.000009
0.000129
0.000089
0.000170
0.000373
0.000656
0.000798
0.000766
0.000568
0.000614
0.000632
0.000763
0.000800
0.000751
0.000646
0.000423
0.000269
0.000043
-0.000224
-0.000158
-0.000116
-0.000128
-0.000386
-0.000613
-0.000496
0.000030
0.000129
0.000115
-0.000129
-0.000158
-0.000134
0.000077
-0.000041
-0.000189
-0.000281
-0.000292
-0.000164
-0.000098
-0.000072
0.000011
0.000043
0.000169
0.000182
0.000188
0.000273
0.000416
0.000521
0.000527
0.000317
0.000211
0.000110
0.000032
-0.000091
-0.000159
-0.000322
-0.000544
-0.000607
-0.000685
-0.000756
-0.000637
-0.001395
-0.001878
-0.001127
-0.000179
0.000194
0.000585
0.000887
0.000796
0.000689
0.000423
0.000206
0.000288
0.000319
0.000231
0.000067
0.000001
-0.000019
-0.000128
-0.000251
-0.000310
-0.000409
-0.000497
-0.000566
-0.000554
-0.000503
-0.000361
-0.000168
-0.000072
-0.000029
0.000102
0.000234
0.000465
0.000681
0.000718
0.000507
0.000278
0.000080
0.000073
-0.000028
-0.000076
-0.000197
-0.000296
-0.000331
-0.000388
-0.000315
-0.000110
-0.000038
-0.000092
-0.000221
-0.000149
-0.000160
-0.000112
-0.000016
0.000012
-0.000043
-0.000202
-0.000216
-0.000282
-0.000406
-0.000432
-0.000518
-0.000562
-0.000641
-0.000729
-0.000783
-0.000779
-0.000516
-0.000361
-0.000174
-0.000041
0.000101
0.000044
-0.000006
0.000003
0.000020
0.000015
-0.000007
0.000218
0.000538
0.001396
0.002922
0.004698
0.007390
0.010853
0.015370
0.020605
0.023321
0.026109
0.025723
0.023817
0.021847
0.021333
0.020552
0.020861
0.022695
0.024987
0.027876
0.030565
0.033163
0.034577
0.036406
0.034159
0.027731
0.016507
0.003925
-0.011601
-0.027237
-0.041642
-0.049987
-0.056962
-0.055620
-0.056347
-0.051653
-0.044231
-0.034401
-0.023470
-0.015468
-0.008389
-0.002814
0.000308
0.001400
0.001090
-0.000056
-0.001897
-0.003596
-0.004555
-0.005462
-0.006066
-0.006411
-0.005847
-0.005149
-0.004419
-0.003233
-0.002509
-0.001979
-0.001822
-0.001932
-0.001595
-0.001137
-0.001074
-0.001082
-0.001104
-0.000978
-0.001082
-0.001008
-0.000970
-0.000741
-0.000415
-0.000342
-0.000279
-0.000117
0.000003
0.000145
0.000495
0.000738
0.000532
0.000356
0.000129
-0.000115
-0.000223
-0.000493
-0.000690
-0.000701
-0.000445
-0.000376
-0.000333
-0.000237
-0.000040
-0.000031
0.000105
0.000044
0.000015
0.000237
0.000362
0.000384
0.000342
0.000117
0.000451
0.000375
0.000287
0.000399
0.000535
0.000573
0.000581
0.000580
0.001572
0.003487
0.006048
0.008085
0.011476
0.016358
0.021698
0.030249
0.036528
0.041262
0.047069
0.048242
0.048385
0.050306
0.050196
0.050435
0.052654
0.052089
0.049952
0.049368
0.047055
0.045617
0.045521
0.047644
0.046665
0.046981
0.047655
0.048810
0.050111
0.050470
0.052735
0.054046
0.056223
0.054243
0.054020
0.051688
0.050588
0.046049
0.036657
0.027109
0.016536
0.005513
-0.004329
-0.013767
-0.021363
-0.028792
-0.034657
-0.040385
-0.042252
-0.048629
-0.051342
-0.051692
-0.049912
-0.046352
-0.042896
-0.041554
-0.037939
-0.035091
-0.032276
-0.028397
-0.023428
-0.017228
-0.009776
-0.000516
0.008696
0.017816
0.026253
0.032359
0.035717
0.037618
0.038977
0.040344
0.042648
0.042164
0.041573
0.038516
0.038282
0.038220
0.039113
0.040815
0.043894
0.043752
0.041732
0.040444
0.035659
0.029846
0.023548
0.016797
0.009330
-0.001162
-0.012614
-0.023681
-0.033412
-0.041447
-0.045391
-0.047897
-0.049005
-0.048808
-0.050854
-0.051026
-0.050058
-0.046780
-0.041559
-0.034851
-0.028980
-0.022167
-0.014526
-0.006670
-0.000243
0.004528
0.008531
0.012594
0.016844
0.019178
0.024328
0.028477
0.036591
0.040313
0.043561
0.046462
0.048730
0.049142
0.050804
0.051238
0.047473
0.044043
0.040863
0.040610
0.038521
0.035608
0.031398
0.024260
0.015097
0.005103
-0.004305
-0.012011
-0.018693
-0.025162
-0.031980
-0.036302
-0.042694
-0.046127
-0.046712
-0.048867
-0.049614
-0.049828
-0.048654
-0.048989
-0.045043
-0.039904
-0.034363
-0.028241
-0.020564
-0.011293
-0.001459
0.007187
0.015095
0.021959
0.027970
0.031704
0.036795
0.040958
0.042829
0.045465
0.044700
0.045648
0.043850
0.042119
0.041936
0.044407
0.044489
0.044136
0.042390
0.041935
0.038981
0.034317
0.028329
0.020665
0.012809
0.004663
-0.003343
-0.010953
-0.017324
-0.021285
-0.026256
-0.031914
-0.036495
-0.042711
-0.047770
-0.051699
-0.054693
-0.056091
-0.058507
-0.055633
-0.051247
-0.045959
-0.040673
-0.031187
-0.024077
-0.016259
-0.008041
0.000385
0.008209
0.015689
0.023881
0.031290
0.037007
0.040949
0.043804
0.045817
0.047417
0.050305
0.049697
0.046915
0.044046
0.043589
0.041415
0.040143
0.041501
0.040205
0.041404
0.040919
0.043295
0.044905
0.048545
0.052552
0.054149
0.058355
0.061569
0.062523
0.061522
0.056020
0.050879
0.048705
0.042697
0.036002
0.029589
0.024099
0.016995
0.012473
0.009762
0.008495
0.009181
0.009357
0.009154
0.009003
0.007700
0.006788
0.006328
0.005159
0.003942
0.004633
0.005740
0.005340
0.005278
0.005136
0.004266
0.003194
0.002233
0.001451
0.000077
-0.000190
-0.000648
-0.000676
-0.000738
-0.000408
-0.000088
0.000022
0.000014
0.000003
-0.000230
0.001422
0.003692
0.007356
0.011210
0.015038
0.018773
0.022792
0.026173
0.032194
0.038823
0.045447
0.050662
0.053663
0.054590
0.054921
0.057422
0.056501
0.058264
0.053832
0.049774
0.048864
0.046351
0.042093
0.040114
0.040511
0.043623
0.044781
0.046958
0.049334
0.049137
0.051264
0.050526
0.052999
0.054677
0.057665
0.057175
0.058689
0.057943
0.057541
0.057647
0.057389
0.055869
0.053647
0.050721
0.049215
0.048900
0.047679
0.050157
0.051740
0.051551
0.054042
0.053296
0.052594
0.051871
0.055707
0.056913
0.058891
0.059122
0.055861
0.049758
0.039309
0.029289
0.017819
0.003539
-0.011941
-0.025605
-0.035439
-0.044909
-0.054816
-0.061205
-0.065377
-0.067496
-0.064235
-0.063486
-0.062694
-0.064263
-0.061156
-0.058067
-0.058944
-0.058361
-0.062798
-0.061663
-0.064144
-0.070243
-0.072879
-0.074469
-0.074163
-0.069208
-0.060168
-0.048545
-0.031834
-0.014984
0.002466
0.019035
0.031664
0.041836
0.048963
0.054111
0.057091
0.061605
0.060588
0.055542
0.046638
0.037279
0.026517
0.014099
0.000969
-0.012202
-0.024955
-0.034897
-0.046798
-0.053003
-0.064414
-0.073823
-0.077471
-0.076451
-0.064496
-0.052063
-0.038496
-0.021848
-0.004236
0.011547
0.024887
0.033792
0.044166
0.050172
0.051829
0.050820
0.050958
0.048063
0.047787
0.049546
0.045623
0.041489
0.032686
0.022293
0.009171
-0.005850
-0.018504
-0.033017
-0.045907
-0.054179
-0.062888
-0.071450
-0.070688
-0.073332
-0.065822
-0.050597
-0.033562
-0.015498
0.001207
0.015306
0.026523
0.034383
0.039662
0.042190
0.042555
0.042810
0.042818
0.044935
0.044786
0.044816
0.046629
0.043182
0.034583
0.027551
0.017166
0.003642
-0.011139
-0.027023
-0.041048
-0.052520
-0.066391
-0.076451
-0.082244
-0.081112
-0.069893
-0.056776
-0.037963
-0.020540
-0.001883
0.014851
0.028705
0.040796
0.049324
0.054334
0.057181
0.056156
0.055508
0.051978
0.047999
0.044547
0.039382
0.033281
0.023874
0.013608
0.001012
-0.011284
-0.022258
-0.033483
-0.043868
-0.052067
-0.059133
-0.063415
-0.066422
-0.067756
-0.067057
-0.067325
-0.061955
-0.058302
-0.053292
-0.051640
-0.053161
-0.056088
-0.057794
-0.065201
-0.076024
-0.083666
-0.093243
-0.091218
-0.090953
-0.078051
-0.067577
-0.055512
-0.043450
-0.031301
-0.022515
-0.013407
-0.005264
-0.000750
0.001532
0.002451
0.001309
-0.000882
-0.004071
-0.007963
-0.012366
-0.017123
-0.023984
-0.033220
-0.042886
-0.051004
-0.057036
-0.061898
-0.064851
-0.069362
-0.068728
-0.063680
-0.056440
-0.049811
-0.044739
-0.041188
-0.038066
-0.037997
-0.038135
-0.039330
-0.041879
-0.047831
-0.055566
-0.063269
-0.068631
-0.070302
-0.068806
-0.060949
-0.052524
-0.041730
-0.029267
-0.015786
-0.006655
-0.000809
0.002573
0.003409
0.002329
0.000463
-0.002253
-0.005368
-0.008356
-0.009595
-0.009319
-0.007931
-0.007351
-0.006529
-0.006249
-0.005969
-0.005423
-0.004988
-0.003726
-0.002749
-0.001610
-0.001181
-0.000492
-0.000111
0.000001
0.000049
0.000138
-0.000061
-0.000275
-0.000489
-0.000842
-0.001036
-0.000996
-0.001170
-0.001601
-0.002059
-0.002901
-0.002630
0.000828
0.005622
0.012404
0.019402
0.027798
0.034024
0.043299
0.052796
0.060521
0.066025
0.069302
0.075211
0.076102
0.080292
0.079432
0.075998
0.070845
0.068228
0.061754
0.056265
0.052003
0.053543
0.051471
0.047755
0.042528
0.038268
0.032069
0.025189
0.018378
0.012602
0.009943
0.008318
0.008246
0.008396
0.008325
0.008616
0.008621
0.008032
0.007953
0.006812
0.007000
0.007530
0.008185
0.007790
0.006811
0.005245
0.003264
0.001709
0.000141
-0.001200
-0.002166
-0.002746
-0.002919
-0.002799
-0.002892
-0.002853
-0.002616
-0.002553
-0.002096
-0.001655
-0.001991
-0.003331
-0.005558
-0.008421
-0.012435
-0.017900
-0.024932
-0.033349
-0.041240
-0.047894
-0.053113
-0.056777
-0.058213
-0.059071
-0.062196
-0.060226
-0.056347
-0.051779
-0.049229
-0.044181
-0.039856
-0.036345
-0.034059
-0.028626
-0.021805
-0.010426
0.004043
0.018012
0.032434
0.045012
0.056872
0.071143
0.084837
0.091291
0.096951
0.095474
0.084665
0.065245
0.048991
0.030670
0.018779
0.007394
0.000171
-0.004352
-0.005995
-0.004854
-0.001893
0.001412
0.004678
0.007712
0.010482
0.012153
0.012737
0.012158
0.010641
0.008509
0.006555
0.004916
0.003702
0.002847
0.002079
0.001126
0.000304
-0.000285
-0.001407
-0.003245
-0.005588
-0.008676
-0.013787
-0.021505
-0.030989
-0.041273
-0.051460
-0.061060
-0.068706
-0.078248
-0.083415
-0.084233
-0.079178
-0.079394
-0.072667
-0.065347
-0.061633
-0.056157
-0.056275
-0.057249
-0.059920
-0.063719
-0.069124
-0.077247
-0.088273
-0.092728
-0.091865
-0.079444
-0.066018
-0.049072
-0.036363
-0.023903
-0.013614
-0.007274
-0.005561
-0.007069
-0.010606
-0.015228
-0.018256
-0.021036
-0.023728
-0.024154
-0.022275
-0.021495
-0.020557
-0.018388
-0.017381
-0.016049
-0.015461
-0.014799
-0.013774
-0.013590
-0.011989
-0.011782
-0.012175
-0.012108
-0.012945
-0.014137
-0.014891
-0.016028
-0.016871
-0.017423
-0.017507
-0.016824
-0.015734
-0.014796
-0.013888
-0.012775
-0.011716
-0.011016
-0.010841
-0.011074
-0.011041
-0.011106
-0.011371
-0.011810
-0.012172
-0.012575
-0.013175
-0.013690
-0.014313
-0.014455
-0.014750
-0.015567
-0.014331
-0.013305
-0.012860
-0.011680
-0.010679
-0.010006
-0.009521
-0.009409
-0.010068
-0.011072
-0.012625
-0.014322
-0.015910
-0.017372
-0.019529
-0.018523
-0.018536
-0.015790
-0.015196
-0.013926
-0.012818
-0.011252
-0.009791
-0.008230
-0.006965
-0.006547
-0.007018
-0.007886
-0.010139
-0.013117
-0.016120
-0.020862
-0.029240
-0.040576
-0.055315
-0.068952
-0.084428
-0.096565
-0.109698
-0.125058
-0.128051
-0.125478
-0.127817
-0.126228
-0.117771
-0.108476
-0.106261
-0.104715
-0.112951
-0.129462
-0.154561
-0.167055
-0.175917
-0.181467
-0.149276
-0.112628
-0.082961
-0.060644
-0.038723
-0.014377
0.002632
0.013096
0.017024
0.015437
0.011317
0.007004
0.000918
-0.004830
-0.009054
-0.009998
-0.008047
-0.004204
0.001962
0.008084
0.012328
0.014091
0.013522
0.012343
0.011366
0.010835
0.011102
0.010836
0.011646
0.011945
0.012232
0.013518
0.015497
0.018447
0.021649
0.023572
0.028324
0.030175
0.033423
0.035341
0.040491
0.048109
0.058618
0.069070
0.084917
0.093174
0.105326
0.113362
0.125047
0.133230
0.133498
0.125883
0.110845
0.106048
0.102453
0.105077
0.106991
0.111909
0.124996
0.133627
0.137454
0.140007
0.133416
0.113898
0.082785
0.061355
0.041645
0.023612
0.010906
-0.000187
-0.007255
-0.011071
-0.011883
-0.011492
-0.008800
-0.005141
-0.002476
-0.001964
-0.002833
-0.004961
-0.007908
-0.011426
-0.015436
-0.018284
-0.021504
-0.024518
-0.027584
-0.028974
-0.027475
-0.023808
-0.019053
-0.013567
-0.007136
-0.001962
0.001032
0.002980
0.004080
0.003735
0.002608
0.001319
-0.000351
-0.001884
-0.003057
-0.003935
-0.004784
-0.004799
-0.004510
-0.003462
-0.002366
-0.001221
-0.000215
0.000269
0.000762
0.001052
0.000881
0.000783
0.000619
0.000596
0.000745
0.001445
0.001799
0.002087
0.002446
0.002880
0.003226
0.005802
0.010551
0.015933
0.024370
0.035804
0.045963
0.058948
0.071310
0.077791
0.087520
0.096582
0.105457
0.122816
0.122489
0.122809
0.106530
0.088678
0.069656
0.045553
0.024431
0.010222
0.001292
-0.002638
-0.001623
0.002356
0.007106
0.012587
0.016278
0.018701
0.020264
0.020546
0.019318
0.015009
0.010903
0.009174
0.010022
0.012107
0.012495
0.013968
0.015727
0.017189
0.020975
0.024535
0.028383
0.033072
0.037031
0.040023
0.041769
0.041601
0.040051
0.039656
0.037574
0.035873
0.032764
0.030249
0.026601
0.026683
0.026903
0.027957
0.028490
0.031032
0.032813
0.035189
0.035273
0.035058
0.034109
0.033198
0.033826
0.035507
0.036270
0.036384
0.034640
0.033808
0.033201
0.033004
0.033068
0.033850
0.033271
0.033422
0.031337
0.029035
0.025831
0.023360
0.018373
0.015380
0.013630
0.010840
0.008439
0.007078
0.005911
0.004408
0.003563
0.002852
0.002612
0.002794
0.003011
0.003182
0.003210
0.004280
0.006112
0.006976
0.007300
0.007207
0.006971
0.006624
0.006681
0.006860
0.007360
0.007603
0.008060
0.008550
0.007907
0.007828
0.008066
0.008134
0.008601
0.008631
0.008490
0.008532
0.008783
0.008627
0.008983
0.009542
0.009283
0.009536
0.009609
0.009791
0.010309
0.011311
0.012047
0.012412
0.011654
0.011489
0.011277
0.011391
0.011097
0.010730
0.010422
0.010154
0.009886
0.009733
0.009754
0.010035
0.010531
0.011064
0.011363
0.011395
0.012083
0.010486
0.010340
0.008529
0.007900
0.006191
0.006040
0.005705
0.006072
0.006631
0.007354
0.008123
0.009220
0.010352
0.011562
0.012694
0.013349
0.013672
0.013497
0.012866
0.011923
0.011145
0.010495
0.010380
0.010262
0.009861
0.009883
0.009433
0.009020
0.008894
0.008547
0.009525
0.010082
0.010814
0.011510
0.011868
0.011943
0.012197
0.012507
0.012546
0.011885
0.010326
0.009307
0.009185
0.008062
0.007480
0.007516
0.006704
0.006153
0.005874
0.006964
0.007888
0.009757
0.011401
0.012637
0.013244
0.013485
0.013185
0.012683
0.012057
0.011463
0.011569
0.011956
0.011947
0.011796
0.011753
0.011626
0.011486
0.010974
0.010245
0.009704
0.009039
0.008342
0.007808
0.007398
0.007345
0.007462
0.007828
0.008440
0.009099
0.009952
0.011034
0.011794
0.011745
0.012185
0.011427
0.010721
0.009591
0.008794
0.008565
0.008902
0.009493
0.010349
0.010818
0.011210
0.011355
0.011135
0.010761
0.010272
0.009678
0.009253
0.009182
0.008427
0.007585
0.006800
0.006256
0.005465
0.005053
0.003741
0.003177
0.004095
0.006006
0.003312
-0.003920
-0.003574
-0.002101
-0.001008
0.000155
0.001448
0.003240
0.004327
0.003771
0.001879
-0.003040
-0.012801
-0.028631
-0.046591
-0.064702
-0.082619
-0.093854
-0.102807
-0.105116
-0.108363
-0.101846
-0.078556
-0.052732
-0.028734
-0.009112
0.002584
0.007355
0.008410
0.005352
-0.000088
-0.005607
-0.010237
-0.014117
-0.016326
-0.016670
-0.014731
-0.011532
-0.008277
-0.005771
-0.003946
-0.002984
-0.002652
-0.002675
-0.002629
-0.002686
-0.002423
-0.001935
-0.000993
-0.000375
-0.000033
0.000193
0.000234
0.000159
-0.000014
-0.000166
-0.000791
-0.001377
-0.001362
-0.001279
-0.000795
0.000098
0.001325
0.003470
0.006574
0.010524
0.017196
0.027914
0.038520
0.055936
0.067373
0.080398
0.094370
0.107023
0.120986
0.128787
0.131821
0.128075
0.115507
0.103276
0.094578
0.088390
0.086955
0.076291
0.068274
0.061981
0.050064
0.038750
0.028034
0.019034
0.014637
0.013965
0.015652
0.017381
0.018615
0.018824
0.016794
0.014334
0.012103
0.010422
0.008819
0.008278
0.008459
0.007064
0.005351
0.004552
0.004020
0.003595
0.002836
0.002564
0.001851
0.001016
0.000582
0.000125
-0.000055
-0.000016
0.000490
0.001032
0.001358
0.001868
0.003128
0.005755
0.011194
0.019658
0.030959
0.043763
0.056629
0.070470
0.084317
0.104629
0.123845
0.130482
0.137671
0.131912
0.119226
0.104701
0.095130
0.088756
0.084423
0.090143
0.104773
0.129903
0.146723
0.153799
0.156552
0.137320
0.099724
0.062595
0.029661
0.001115
-0.015465
-0.022708
-0.025604
-0.025771
-0.026133
-0.027192
-0.029380
-0.031359
-0.034578
-0.039577
-0.047459
-0.053146
-0.059998
-0.065010
-0.066982
-0.069228
-0.071954
-0.073872
-0.075241
-0.079139
-0.081279
-0.078418
-0.074711
-0.075085
-0.072403
-0.071667
-0.072987
-0.070834
-0.074359
-0.076440
-0.079196
-0.079785
-0.082703
-0.084971
-0.085651
-0.082972
-0.077576
-0.073564
-0.072401
-0.075400
-0.074769
-0.077366
-0.082245
-0.087413
-0.092275
-0.094751
-0.093149
-0.088266
-0.081541
-0.074461
-0.069035
-0.066489
-0.066016
-0.067192
-0.068501
-0.070709
-0.071869
-0.079601
-0.082436
-0.080834
-0.067370
-0.050333
-0.027940
-0.006821
0.013473
0.032493
0.052018
0.068874
0.082340
0.090962
0.101493
0.109520
0.106801
0.097192
0.089270
0.078457
0.070506
0.073196
0.079630
0.099667
0.110481
0.124881
0.131828
0.118254
0.096205
0.073925
0.046095
0.022549
0.006718
-0.000498
0.000247
0.007364
0.020077
0.034017
0.050583
0.068983
0.077395
0.097488
0.117737
0.127922
0.125827
0.139927
0.129152
0.120499
0.117252
0.108490
0.107141
0.105981
0.109212
0.119183
0.121147
0.114241
0.091158
0.060739
0.032166
0.010316
-0.005592
-0.015153
-0.022357
-0.028420
-0.035369
-0.040217
-0.046562
-0.050771
-0.056410
-0.059026
-0.061377
-0.059313
-0.059276
-0.062572
-0.062557
-0.062356
-0.062197
-0.061284
-0.063441
-0.064228
-0.065159
-0.066682
-0.072255
-0.073927
-0.074572
-0.074813
-0.077983
-0.076455
-0.078327
-0.075171
-0.074641
-0.073972
-0.076697
-0.079900
-0.083796
-0.088290
-0.088547
-0.091499
-0.091689
-0.090206
-0.086981
-0.084594
-0.080626
-0.080935
-0.077541
-0.075846
-0.082002
-0.081680
-0.087753
-0.085074
-0.088929
-0.082130
-0.079640
-0.080940
-0.074888
-0.078325
-0.077301
-0.070247
-0.063316
-0.052018
-0.034281
-0.017455
0.000295
0.017660
0.035036
0.052285
0.063631
0.076686
0.087705
0.100594
0.109010
0.111452
0.103161
0.094307
0.091847
0.087760
0.086255
0.085963
0.083564
0.087268
0.090996
0.094019
0.085229
0.073026
0.060175
0.048170
0.037274
0.028448
0.019583
0.015410
0.013567
0.013418
0.014565
0.015540
0.016197
0.016414
0.016814
0.016346
0.014894
0.011401
0.009273
0.006029
0.004857
0.004422
0.003979
0.003180
0.003128
0.003058
0.002896
0.002253
0.002256
0.001891
0.001488
0.000695
-0.000052
-0.000447
-0.000193
0.000579
0.002626
0.006645
0.012274
0.021400
0.030814
0.046070
0.061459
0.076807
0.091971
0.097878
0.107157
0.119932
0.122522
0.128293
0.126519
0.113540
0.105747
0.101030
0.097813
0.104427
0.106230
0.110449
0.116478
0.125070
0.131940
0.139786
0.135313
0.117044
0.080752
0.049123
0.022900
0.002611
-0.013206
-0.022554
-0.027165
-0.030016
-0.030827
-0.030283
-0.027785
-0.024819
-0.022242
-0.021448
-0.022870
-0.026092
-0.029466
-0.035282
-0.040703
-0.043658
-0.048546
-0.053675
-0.057264
-0.059477
-0.061195
-0.058930
-0.057460
-0.051663
-0.041768
-0.026536
-0.008694
0.011245
0.031537
0.050213
0.068021
0.083814
0.097807
0.107671
0.116047
0.122343
0.105304
0.086462
0.066365
0.046226
0.028930
0.013554
0.002278
-0.006947
-0.013483
-0.016324
-0.019197
-0.022124
-0.025534
-0.029264
-0.033268
-0.036338
-0.038753
-0.041034
-0.042601
-0.042458
-0.042139
-0.039691
-0.039958
-0.041353
-0.043304
-0.046101
-0.050400
-0.052286
-0.056478
-0.063556
-0.065304
-0.060664
-0.046056
-0.027632
-0.005477
0.016325
0.036171
0.053972
0.069511
0.089654
0.103381
0.116500
0.128782
0.122234
0.105716
0.086431
0.071426
0.054842
0.039591
0.027800
0.019734
0.014510
0.012007
0.011208
0.012574
0.015161
0.016850
0.017557
0.017758
0.017482
0.015835
0.012285
0.009789
0.007528
0.005695
0.004276
0.003573
0.003348
0.002407
0.002262
0.002372
0.002412
0.002226
0.001945
0.001566
0.000988
0.000606
0.000198
-0.000145
0.000027
0.000199
0.000518
0.000869
0.000953
0.000898
0.000909
0.000375
-0.003318
-0.001651
0.000790
0.001248
0.001084
0.001215
0.001151
0.000975
0.000888
0.000523
0.000236
-0.000204
-0.000436
-0.000577
-0.000517
-0.000343
-0.000443
-0.000459
-0.000392
-0.000128
0.000044
0.000113
0.000334
0.000270
0.000339
0.000407
0.000238
0.000105
-0.000049
-0.000073
-0.000160
-0.000269
-0.000249
-0.000219
-0.000134
-0.000207
-0.000247
-0.000193
-0.000131
0.000049
-0.000000
-0.000047
-0.000042
-0.000119
-0.000276
-0.000130
-0.000203
-0.000370
-0.000574
-0.000518
-0.000694
-0.000902
-0.000836
-0.000809
-0.000770
-0.000798
-0.000785
-0.000871
-0.000953
-0.000695
-0.000595
-0.000585
-0.000289
-0.000015
0.000257
0.000456
0.000477
0.000415
0.000296
0.000286
0.000178
0.000129
0.000271
0.000234
0.000241
0.000140
0.000007
0.000068
0.000132
0.000322
0.000106
-0.000270
-0.002225
-0.002649
-0.002083
-0.001618
-0.000431
-0.000010
0.000201
0.000206
0.000321
0.000224
0.000253
0.000522
0.000450
0.000177
-0.000183
-0.000229
-0.000064
0.000053
-0.000052
-0.001800
-0.003501
-0.002070
-0.001020
0.000676
0.001288
0.001765
0.001956
0.002095
0.002133
0.002291
0.002352
0.002516
0.002450
0.002014
0.001582
0.001431
0.001220
0.000905
0.000307
-0.000268
-0.000561
-0.000710
-0.000822
-0.000960
-0.001129
-0.001093
-0.001024
-0.000816
-0.000439
-0.000158
-0.000031
0.000056
0.000094
0.000120
0.000096
0.000178
0.000080
0.000006
-0.000259
-0.000348
-0.000309
-0.000161
0.000568
0.000826
0.000471
-0.002027
-0.005572
-0.009550
-0.014127
-0.018234
-0.023810
-0.030313
-0.035230
-0.037907
-0.042313
-0.046010
-0.048367
-0.048950
-0.042694
-0.040187
-0.036755
-0.035550
-0.035882
-0.035857
-0.035814
-0.035427
-0.035952
-0.037464
-0.039448
-0.041382
-0.043655
-0.042013
-0.043124
-0.043715
-0.042159
-0.043659
-0.041462
-0.042476
-0.043337
-0.044996
-0.044624
-0.047918
-0.045360
-0.044642
-0.043494
-0.042591
-0.043076
-0.040421
-0.039196
-0.036756
-0.037170
-0.039938
-0.041603
-0.044393
-0.047959
-0.050449
-0.051944
-0.052436
-0.052169
-0.050252
-0.046151
-0.042364
-0.037557
-0.037539
-0.036728
-0.035719
-0.037252
-0.039268
-0.042427
-0.045982
-0.048789
-0.050651
-0.053557
-0.048640
-0.045704
-0.042585
-0.040524
-0.037025
-0.032782
-0.027594
-0.022025
-0.016939
-0.014073
-0.014428
-0.037908
-0.026486
0.000912
0.007748
0.009127
0.008251
0.005839
0.002297
-0.002162
-0.004480
-0.005841
-0.007389
-0.006484
-0.005850
-0.004535
-0.003840
-0.003631
-0.002958
-0.002713
-0.001942
-0.001100
-0.000639
-0.000410
-0.000403
-0.000500
-0.000303
-0.000143
0.000017
0.000004
-0.000110
0.000068
0.000179
0.000440
0.000515
-0.003107
-0.002165
0.000813
0.002106
0.002193
0.002242
0.002067
0.001493
0.000923
0.000075
-0.000514
-0.001253
-0.001805
-0.001914
-0.002004
-0.002149
-0.002120
-0.002225
-0.002022
-0.002333
-0.002769
-0.003202
-0.001272
0.000224
0.000617
0.000818
0.000930
0.001163
0.001131
0.000913
0.001042
0.000946
0.000703
0.000630
0.000468
0.000403
0.000378
0.000385
0.000523
0.000612
0.000526
0.000516
0.000404
0.001098
0.003592
0.007286
0.014696
0.025938
0.039014
0.054330
0.067374
0.082077
0.090081
0.093871
0.098454
0.098072
0.100390
0.094555
0.092623
0.090522
0.088739
0.093516
0.096505
0.104617
0.114383
0.127742
0.140553
0.136519
0.144112
0.150291
0.146681
0.128990
0.110705
0.086943
0.064022
0.041951
0.024280
0.013205
0.006864
0.006359
0.009922
0.013470
0.017011
0.020139
0.022009
0.020605
0.018950
0.017076
0.015191
0.012080
0.008247
0.005610
0.003430
0.007881
0.007260
-0.000497
-0.002727
-0.000317
0.000662
0.001291
0.001766
0.002161
0.002538
0.002546
0.002131
0.001848
0.001455
0.001259
0.001021
0.000574
0.000154
-0.000262
-0.001444
-0.001486
-0.000619
-0.000052
0.000970
0.001168
0.001289
0.001288
0.000846
0.000947
0.000849
0.000445
0.000493
0.000284
0.000019
-0.000228
-0.000349
-0.000525
-0.000762
-0.001180
-0.002242
-0.002741
-0.002304
-0.002145
-0.001328
0.000080
0.002445
0.006277
0.012398
0.021445
0.036131
0.051069
0.063483
0.077397
0.085160
0.099916
0.114413
0.118977
0.126528
0.124448
0.115110
0.099104
0.077566
0.054348
0.034754
0.019808
0.010898
0.010548
0.046227
0.033806
-0.017203
-0.012828
-0.000605
0.006592
0.012855
0.016915
0.018575
0.018489
0.015821
0.014687
0.014808
0.016269
0.017527
0.021249
0.024467
0.029688
0.033439
0.037780
0.042248
0.046548
0.050697
0.054188
0.056666
0.058639
0.059022
0.057527
0.054903
0.051282
0.047086
0.044204
0.043688
0.045269
0.046622
0.047303
0.050079
0.049754
0.050361
0.052068
0.054740
0.056801
0.049318
0.043282
0.036165
0.028191
0.020929
0.013741
0.008845
0.004545
0.001570
0.000066
0.000839
0.013830
0.013524
-0.000111
-0.004664
-0.000236
0.001790
0.003281
0.003823
0.005102
0.004803
0.004696
0.004418
0.003898
0.003345
0.002876
0.002269
0.001821
0.001454
0.000924
0.000603
-0.000166
0.001171
-0.000420
-0.000312
-0.000484
-0.000647
-0.000585
-0.000330
-0.000227
-0.000273
-0.000383
-0.000020
0.000333
0.000214
0.000112
0.000052
0.000091
0.000028
-0.000105
-0.000417
-0.000709
-0.000845
-0.000803
-0.000648
-0.000442
-0.000306
0.000073
0.000346
0.000130
-0.000016
-0.000085
0.000053
0.000037
0.000317
0.000974
0.001575
0.002439
0.003683
0.005317
0.007658
0.010992
0.015705
0.020308
0.025089
0.031281
0.035695
0.039086
0.040701
0.043465
0.041296
0.039188
0.034135
0.028906
0.024985
0.023934
0.024752
0.025709
0.027419
0.028456
0.030280
0.032123
0.034622
0.037712
0.039443
0.037313
0.036148
0.034144
0.031800
0.031881
0.033108
0.033647
0.034845
0.035043
0.034798
0.034891
0.034985
0.033466
0.034001
0.034892
0.035283
0.035898
0.033701
0.031225
0.026578
0.021299
0.016102
0.011237
0.007887
0.006218
0.004732
0.004122
0.003935
0.003761
0.003717
0.003526
0.003535
0.003343
0.003305
0.003090
0.002707
0.001710
0.001212
0.001071
0.000980
0.000987
0.001083
0.001386
0.001896
0.002373
0.002845
0.003944
0.005110
0.007336
0.010971
0.014767
0.022346
0.030449
0.038662
0.046521
0.050073
0.053888
0.056542
0.058341
0.057770
0.059094
0.054532
0.048063
0.036486
0.025405
0.016040
0.007394
0.002858
0.000029
-0.002131
-0.003060
-0.002372
0.000229
0.003938
0.008054
0.011680
0.015353
0.019707
0.024673
0.031040
0.036038
0.039691
0.042019
0.047279
0.047153
0.050367
0.054032
0.056763
0.057389
0.054877
0.048676
0.040024
0.030816
0.021652
0.013559
0.007369
0.001987
-0.001362
-0.002643
-0.003045
-0.001852
0.000300
0.002794
0.005059
0.006835
0.008605
0.009041
0.010703
0.011692
0.014201
0.016564
0.020555
0.024380
0.029038
0.036152
0.042945
0.048932
0.052572
0.058823
0.063654
0.068021
0.072061
0.079102
0.080575
0.078618
0.074201
0.068639
0.062883
0.062293
0.057971
0.053754
0.052038
0.048664
0.045304
0.038555
0.032558
0.026505
0.019943
0.014411
0.010786
0.009595
0.009890
0.010988
0.011061
0.011274
0.011275
0.010387
0.008757
0.005741
0.003635
0.003856
0.004556
0.004438
0.006971
0.007195
0.003831
0.001593
0.000189
-0.000858
-0.001201
-0.001151
-0.000810
-0.000633
-0.000044
0.000514
0.001451
0.001999
0.002110
0.001652
0.001543
0.001342
0.001135
0.000553
-0.002279
-0.001368
0.000303
0.000615
0.000320
-0.000076
-0.000024
-0.000048
-0.000179
-0.000115
-0.000161
-0.000194
-0.000245
-0.000286
-0.000256
-0.000427
-0.000654
-0.000761
-0.000852
-0.000911
-0.000808
-0.000498
-0.000122
-0.000075
-0.000083
-0.000264
-0.000166
-0.000254
-0.001758
-0.001790
-0.000613
-0.000148
0.000389
0.000751
0.000844
0.000655
0.000490
0.000375
0.000215
0.000163
0.000059
0.000220
0.000475
0.000543
0.000193
-0.000157
-0.000281
-0.002996
-0.002379
-0.000798
-0.000525
-0.000670
-0.000647
-0.000425
-0.000171
0.000088
0.000286
0.000194
0.000303
0.000566
0.000893
0.001414
0.001616
0.001335
0.000875
0.000455
0.000227
-0.000247
-0.000374
0.001409
0.002422
0.003316
0.005186
0.007427
0.012055
0.018666
0.028331
0.040686
0.053228
0.067458
0.079159
0.093070
0.103082
0.108563
0.105513
0.104877
0.105909
0.095102
0.076632
0.053830
0.026040
0.003325
-0.018283
-0.036192
-0.052224
-0.070128
-0.082864
-0.093069
-0.099769
-0.102923
-0.101058
-0.094356
-0.083142
-0.071192
-0.053241
-0.042494
-0.036278
-0.033854
-0.034549
-0.036644
-0.038470
-0.044512
-0.049700
-0.053713
-0.056242
-0.056797
-0.055025
-0.051355
-0.046102
-0.040693
-0.035413
-0.030704
-0.026426
-0.026981
-0.028788
-0.031272
-0.034393
-0.037592
-0.039954
-0.041265
-0.040213
-0.042056
-0.039265
-0.039564
-0.037557
-0.036420
-0.034263
-0.033863
-0.033991
-0.034250
-0.035512
-0.037122
-0.038596
-0.040207
-0.040792
-0.039823
-0.037266
-0.035004
-0.033377
-0.032345
-0.031999
-0.031385
-0.033395
-0.035043
-0.035868
-0.035380
-0.034756
-0.034383
-0.034145
-0.034196
-0.035739
-0.035770
-0.035919
-0.035861
-0.035301
-0.035274
-0.036137
-0.036542
-0.036517
-0.036148
-0.035466
-0.034904
-0.033357
-0.035517
-0.036073
-0.035551
-0.037174
-0.037905
-0.037727
-0.037593
-0.037205
-0.036489
-0.037339
-0.036029
-0.033026
-0.032805
-0.030400
-0.029965
-0.031290
-0.032724
-0.036992
-0.045322
-0.058599
-0.075273
-0.093398
-0.104981
-0.118208
-0.134129
-0.139662
-0.140934
-0.132697
-0.112745
-0.089919
-0.066626
-0.042719
-0.019677
0.005484
0.028941
0.049924
0.066724
0.079422
0.088050
0.087110
0.091020
0.088383
0.082597
0.075741
0.067431
0.059958
0.048510
0.037257
0.027339
0.019543
0.013808
0.011442
0.010455
0.012911
0.014660
0.013526
0.013102
0.012043
0.010510
0.009570
0.008622
0.008134
0.007276
0.005807
0.004518
0.003940
0.004581
0.003312
0.001535
-0.000950
0.000734
0.001276
0.001279
0.000635
0.000494
0.000757
0.000761
0.000420
0.000317
0.000700
0.001106
0.001445
0.001652
0.001215
0.000741
0.000314
0.000063
0.000190
-0.001187
-0.001436
-0.000799
-0.000469
-0.000198
-0.000323
-0.000330
0.000059
0.000350
0.000600
0.000673
0.000653
0.000732
0.000913
0.001017
0.000890
0.000957
0.000814
0.000452
0.000154
-0.000055
-0.000100
-0.000075
0.000092
-0.000015
-0.000113
-0.000955
-0.000817
-0.000968
-0.000465
-0.000206
-0.000047
0.000011
0.000099
0.000272
0.000168
0.000106
0.000148
0.000082
-0.000024
-0.000019
-0.000029
0.000026
0.000279
0.000106
-0.001900
-0.001335
-0.000456
0.000406
0.000603
0.000655
0.000574
0.000382
0.000304
0.000069
0.000038
0.000004
-0.000025
-0.000029
-0.000117
-0.000056
0.000156
0.000220
0.000454
0.000652
0.000846
0.001089
0.001191
0.001469
0.001552
0.002515
0.004682
0.008683
0.014224
0.020583
0.029155
0.038806
0.045329
0.049573
0.054744
0.059183
0.062543
0.064570
0.064587
0.064995
0.061921
0.056996
0.056549
0.061018
0.062092
0.065958
0.068804
0.066391
0.064101
0.058515
0.051161
0.040100
0.032275
0.023844
0.017381
0.012984
0.011812
0.012450
0.012438
0.012852
0.012618
0.011068
0.009622
0.010549
0.011968
0.014147
0.017497
0.020925
0.026376
0.031707
0.034373
0.038497
0.040182
0.045941
0.047341
0.045440
0.044522
0.040272
0.030580
0.019363
0.007617
-0.005587
-0.017644
-0.027488
-0.034339
-0.038158
-0.040570
-0.041727
-0.042062
-0.037503
-0.031138
-0.023890
-0.016467
-0.010469
-0.006902
-0.005779
-0.007568
-0.010111
-0.014349
-0.018349
-0.022869
-0.027135
-0.030648
-0.032982
-0.035132
-0.036504
-0.035880
-0.033942
-0.032125
-0.030449
-0.026396
-0.023944
-0.019367
-0.014393
-0.009385
-0.003915
0.001660
0.007224
0.012520
0.017703
0.022348
0.028264
0.034559
0.040953
0.043828
0.051300
0.052194
0.057824
0.061159
0.064655
0.067506
0.069224
0.069950
0.069134
0.067752
0.067380
0.069242
0.069477
0.069199
0.066088
0.062036
0.066321
0.068855
0.069722
0.069994
0.067417
0.060756
0.051643
0.040672
0.029139
0.020553
0.014375
0.009228
0.006133
0.005343
0.006123
0.007747
0.009138
0.010120
0.010538
0.010355
0.008114
0.006462
0.005433
0.004233
0.004320
0.004109
0.003829
0.003521
0.003125
0.002879
0.002196
0.001534
0.000939
0.000501
0.000353
-0.000032
-0.000298
-0.000803
-0.000864
-0.000328
-0.000261
0.000011
-0.000011
-0.000166
-0.000024
0.000038
-0.000008
0.000032
0.000237
0.000256
0.000302
0.000000
0.000000
0.000000
0.000000
0.000000
0.000000
0.000000
0.000000
0.000000
0.000000
0.000000
0.000000
0.000000
0.000000
0.000000
0.000000
0.000000
0.000000
0.000000
0.000000
0.000000
0.000000
0.000000
0.000000
0.000000
0.000000
0.000000
0.000000
0.000000
0.000000
0.000000
0.000000
0.000000
0.000000
