517.720398
1722.635010
3886.757080
4971.802734
5531.167480
6016.476074
6478.525391
6947.551270
7362.177734
8362.198242
8802.857422
9251.977539
9725.232422
10134.022461
10876.945312
11494.665039
12164.552734
13338.035156
14251.024414
14873.208984
15690.816406
17429.414062
17627.962891
18180.628906
18760.390625
19616.439453
20799.375000
21469.525391
24547.843750
25265.650391
26182.013672
27142.681641
27480.009766
28471.548828
28955.439453
29406.751953
29885.208984
31300.177734
32468.951172
33966.496094
34494.156250
34976.167969
0.000000
0.000000
0.000000
0.000000
0.000000
0.000000
0.000000
0.000000
0.000000
0.000000
0.000000
0.000000
0.000000
0.000000
0.000000
0.000000
0.000000
0.000000
0.000000
0.000000
0.000000
0.000000
0.000000
0.000000
0.000000
0.000000
0.000000
0.000000
0.000000
0.000000
0.000000
0.000000
0.000000
0.000000
0.000000
0.000000
0.000000
0.000000
0.000000
0.000000
0.000000
0.000000
0.000000
0.000000
0.000000
0.000000
0.000000
0.000000
0.000000
0.000000
0.000000
0.000000
0.000000
0.000000
0.000000
0.000000
0.000000
0.000000
