0.000179
0.000024
0.000038
-0.000006
0.000010
-0.000087
0.000155
0.000063
-0.000407
-0.000393
-0.000063
0.000026
0.000171
0.000228
0.000168
0.000160
0.000238
0.000394
0.000606
0.000315
0.000124
-0.000004
-0.000069
-0.000108
-0.000133
-0.000205
-0.000176
-0.000186
-0.000319
-0.000588
-0.000272
-0.000019
0.000063
0.000442
0.000259
0.000336
0.000315
0.000461
0.000538
-0.000188
-0.000127
0.000364
0.001399
0.003108
0.005670
0.009567
0.017611
0.029511
0.046027
0.063835
0.080322
0.088155
0.096125
0.100310
0.108638
0.114505
0.116170
0.107654
0.091448
0.073698
0.065365
0.048577
0.035776
0.024499
0.016647
0.010956
0.008906
0.009257
0.011137
0.013833
0.015658
0.016099
0.015439
0.014044
0.013175
0.012168
0.010224
0.009580
0.008526
0.006404
0.004433
0.003339
0.002926
0.001745
0.001459
0.001297
0.001466
0.001488
0.001678
0.001514
0.001303
0.000843
0.000401
0.000285
0.000428
0.000570
0.000501
0.000094
0.000067
0.000089
-0.000099
0.000033
0.000304
-0.000241
-0.000437
0.000021
0.000539
0.000315
0.000701
0.001168
0.000697
0.000265
0.000450
-0.000022
-0.000067
-0.000091
-0.000013
-0.000116
-0.000235
-0.000228
-0.000323
-0.000372
-0.000252
-0.000138
-0.000013
0.000528
0.000349
-0.000018
0.000005
0.000266
0.000611
0.000569
0.000574
0.000243
0.000157
-0.000086
-0.000056
-0.000127
-0.000052
-0.000186
-0.000291
-0.000271
-0.000200
-0.000307
-0.000321
-0.000519
-0.000808
-0.000835
-0.000252
0.000315
0.000492
0.000254
0.000295
0.000183
0.000215
0.000062
-0.000041
-0.000004
0.000371
0.000353
-0.000341
-0.002697
-0.004934
-0.007591
-0.011163
-0.015924
-0.022359
-0.032111
-0.044393
-0.054906
-0.062910
-0.065722
-0.062720
-0.053864
-0.038943
-0.025043
-0.011048
0.001515
0.012577
0.021434
0.026824
0.028498
0.030162
0.029320
0.027929
0.026158
0.021718
0.017903
0.015593
0.012732
0.011111
0.011628
0.012510
0.015009
0.017887
0.018309
0.018915
0.019337
0.019007
0.017981
0.015366
0.010988
0.006386
0.003958
0.002452
0.002223
0.002135
0.002164
0.002131
0.002498
0.002644
0.001824
0.001389
0.000609
0.000403
0.000229
0.000028
0.000049
0.000100
0.000294
0.000208
-0.000017
-0.000052
0.000040
0.000179
0.000223
0.000062
0.000062
0.000218
0.000531
0.000885
0.000853
0.000766
0.000652
0.000336
0.000240
-0.000024
-0.000002
0.000175
0.000222
0.000170
0.000043
0.000097
0.000112
0.000262
0.000310
0.000399
0.000083
0.000119
0.000413
0.000646
0.000431
0.000040
-0.000042
0.000026
0.000036
-0.000123
-0.000325
-0.000317
-0.000308
-0.000392
-0.000504
-0.000825
-0.000757
-0.000501
-0.000176
0.000057
0.000221
0.000364
0.000495
0.000822
0.000911
0.000604
0.000480
0.000016
-0.000019
-0.000204
-0.000005
-0.000088
-0.000059
-0.000301
-0.000632
-0.000781
-0.000660
-0.000367
-0.000470
-0.000060
-0.000289
0.000141
-0.000312
-0.000161
0.000022
0.000077
0.000018
-0.000106
0.000031
-0.000020
0.000016
0.000009
-0.000383
-0.000390
-0.000035
-0.000307
-0.000373
-0.000090
0.000008
0.000178
0.000063
-0.000005
0.000039
0.000263
0.000264
0.000219
-0.000005
-0.000289
-0.000509
-0.000394
-0.000287
-0.000058
-0.000003
0.000104
0.000191
0.000184
0.000133
0.000130
0.000018
0.000145
0.000243
0.000043
-0.000158
-0.000078
0.000403
0.000255
0.000004
-0.000059
-0.000293
-0.000242
-0.000317
-0.000276
-0.000358
-0.000393
-0.000416
-0.000520
-0.000555
-0.000277
-0.000307
-0.000055
-0.000083
-0.000111
-0.000198
0.000031
0.000081
-0.000008
-0.000141
-0.000450
-0.000768
-0.000367
-0.000205
0.000223
0.000406
0.000558
0.000506
0.000304
0.000182
0.000182
0.000083
0.000015
-0.000167
0.000642
0.001536
0.004297
0.007277
0.009528
0.011288
0.013345
0.015332
0.017029
0.018837
0.020769
0.022455
0.023129
0.023481
0.023691
0.024080
0.024260
0.024677
0.025646
0.026610
0.028978
0.031216
0.031729
0.029933
0.024951
0.016703
0.007549
-0.003027
-0.015370
-0.028734
-0.037974
-0.046077
-0.052173
-0.057585
-0.056747
-0.054237
-0.042709
-0.032914
-0.022738
-0.013163
-0.005482
0.000099
0.002939
0.004451
0.004734
0.003280
0.001375
-0.000563
-0.002659
-0.004230
-0.005719
-0.006423
-0.007369
-0.007219
-0.006318
-0.005229
-0.003380
-0.001674
-0.001220
-0.001228
-0.000910
-0.000745
-0.000857
-0.000424
0.000040
-0.000115
-0.000603
-0.000915
-0.001111
-0.001086
-0.001053
-0.001054
-0.000870
-0.000690
-0.000635
-0.000569
-0.000550
-0.000288
-0.000009
0.000081
0.000015
-0.000075
0.000132
0.000181
0.000306
0.000656
0.000448
0.000396
0.000275
-0.000119
-0.000157
-0.000042
0.000202
-0.000092
0.000069
0.000090
0.000106
0.000091
-0.000144
0.000311
0.000820
0.000607
0.000867
0.001032
0.001561
0.001602
0.000740
0.000534
0.002295
0.005451
0.007893
0.010343
0.013543
0.018077
0.022046
0.026660
0.031881
0.034545
0.038409
0.042085
0.042637
0.045212
0.048395
0.051088
0.055617
0.055862
0.058051
0.055508
0.055594
0.053898
0.054641
0.051797
0.046989
0.041298
0.040824
0.039676
0.039549
0.042130
0.044122
0.049383
0.051271
0.057835
0.061046
0.063969
0.065261
0.061559
0.051410
0.034140
0.015185
-0.002756
-0.016778
-0.027482
-0.035521
-0.041706
-0.045210
-0.047466
-0.045432
-0.040570
-0.036455
-0.031471
-0.029637
-0.030497
-0.032887
-0.034792
-0.038501
-0.042015
-0.044101
-0.044151
-0.040095
-0.030983
-0.020389
-0.005392
0.009985
0.022453
0.032591
0.039020
0.041734
0.042775
0.043617
0.043600
0.044593
0.042901
0.042244
0.041555
0.041056
0.042003
0.044849
0.044226
0.044554
0.040629
0.035112
0.029988
0.024987
0.021737
0.016533
0.009969
0.002728
-0.004403
-0.010782
-0.017206
-0.023330
-0.030714
-0.039570
-0.046629
-0.049397
-0.056004
-0.057866
-0.056859
-0.052395
-0.046406
-0.038919
-0.030385
-0.022708
-0.015796
-0.009349
-0.003300
0.001572
0.004978
0.008131
0.011428
0.014794
0.018948
0.025056
0.031683
0.038954
0.042342
0.046296
0.048723
0.051895
0.050676
0.047863
0.044280
0.042485
0.039164
0.037679
0.038175
0.035703
0.034087
0.029315
0.022295
0.013216
0.003152
-0.005249
-0.012203
-0.017374
-0.022528
-0.026778
-0.029799
-0.032753
-0.037593
-0.042191
-0.046447
-0.046921
-0.051151
-0.051821
-0.052280
-0.050599
-0.046184
-0.039288
-0.029519
-0.018343
-0.009085
-0.000723
0.006347
0.013467
0.019411
0.026811
0.032760
0.037784
0.041464
0.043082
0.043239
0.040949
0.042756
0.042477
0.042518
0.044910
0.045258
0.044906
0.046335
0.045223
0.042413
0.042031
0.039701
0.030462
0.020088
0.011753
0.002355
-0.006887
-0.014872
-0.021964
-0.025968
-0.031856
-0.035768
-0.041159
-0.046413
-0.050629
-0.053504
-0.054551
-0.052273
-0.051107
-0.047817
-0.045501
-0.042925
-0.038320
-0.032859
-0.024995
-0.017369
-0.008320
0.002000
0.011905
0.020481
0.029462
0.036778
0.041998
0.043152
0.045984
0.050602
0.053365
0.051145
0.047947
0.042227
0.038320
0.037158
0.036475
0.037167
0.039053
0.039749
0.042102
0.043555
0.048043
0.049694
0.053493
0.056104
0.060581
0.061173
0.060240
0.061371
0.056685
0.051458
0.049673
0.045291
0.039018
0.031246
0.023675
0.017207
0.012948
0.011142
0.010363
0.011418
0.011693
0.010686
0.009916
0.009224
0.008674
0.008593
0.007821
0.006157
0.004520
0.004398
0.004234
0.004276
0.004102
0.003711
0.002913
0.001570
0.000915
0.000900
0.000796
0.000241
-0.000032
-0.000134
0.000008
-0.000060
0.000030
0.000041
0.000090
-0.000021
0.000658
0.002432
0.005497
0.009105
0.012939
0.017110
0.020844
0.025570
0.031551
0.036098
0.042402
0.047518
0.050557
0.054648
0.054075
0.053561
0.056409
0.054750
0.053790
0.047739
0.047282
0.044944
0.042719
0.041918
0.043205
0.046794
0.047604
0.050246
0.050374
0.051215
0.050162
0.052565
0.055365
0.057481
0.058486
0.059809
0.057158
0.054575
0.052321
0.052272
0.052889
0.052451
0.053370
0.051803
0.050348
0.047555
0.051904
0.054250
0.055281
0.054911
0.052790
0.053529
0.054123
0.052109
0.055282
0.059012
0.060208
0.059013
0.056656
0.049925
0.040894
0.031077
0.021008
0.008551
-0.005123
-0.019628
-0.031869
-0.039452
-0.047338
-0.052428
-0.058665
-0.059880
-0.061279
-0.061749
-0.064091
-0.065064
-0.064910
-0.065679
-0.063697
-0.063620
-0.068437
-0.067857
-0.070864
-0.073394
-0.072287
-0.076741
-0.076840
-0.073245
-0.063162
-0.052731
-0.036326
-0.015983
0.003829
0.020635
0.035038
0.045930
0.053325
0.058132
0.059996
0.058900
0.056136
0.053465
0.043405
0.035087
0.023961
0.012310
0.001857
-0.008861
-0.019690
-0.030766
-0.042319
-0.052697
-0.060226
-0.064760
-0.069060
-0.066775
-0.063220
-0.054220
-0.042014
-0.027230
-0.011164
0.003334
0.014714
0.024015
0.032784
0.040604
0.045066
0.045057
0.046217
0.048515
0.051510
0.054388
0.057041
0.052043
0.042262
0.028045
0.013003
-0.003154
-0.018654
-0.032866
-0.043733
-0.051659
-0.058708
-0.063301
-0.067054
-0.066609
-0.060304
-0.051205
-0.039276
-0.023208
-0.008546
0.005059
0.016720
0.027495
0.033356
0.039010
0.042608
0.045120
0.046608
0.046814
0.046343
0.046488
0.049136
0.046550
0.041088
0.029768
0.017654
0.003175
-0.012016
-0.026885
-0.040490
-0.052295
-0.061313
-0.067669
-0.070378
-0.074969
-0.071217
-0.057145
-0.040859
-0.021866
-0.003458
0.011783
0.022576
0.031698
0.039069
0.043645
0.045463
0.045185
0.044772
0.044155
0.044174
0.045235
0.048181
0.046394
0.039362
0.027934
0.014060
-0.001140
-0.016840
-0.030135
-0.044275
-0.057709
-0.062984
-0.070517
-0.073202
-0.070367
-0.065320
-0.064417
-0.056961
-0.052875
-0.054410
-0.052886
-0.055874
-0.058430
-0.066849
-0.071280
-0.078910
-0.079582
-0.086685
-0.085922
-0.084958
-0.079738
-0.070748
-0.059856
-0.046982
-0.031298
-0.019912
-0.009606
-0.001533
0.002215
0.003516
0.003039
0.001197
-0.001902
-0.005754
-0.009547
-0.013509
-0.018453
-0.025668
-0.035161
-0.042711
-0.051211
-0.057177
-0.059249
-0.060734
-0.062078
-0.061750
-0.061156
-0.055299
-0.049485
-0.044205
-0.039636
-0.035210
-0.034299
-0.034770
-0.037223
-0.040022
-0.046677
-0.055696
-0.064171
-0.072451
-0.075815
-0.075808
-0.066583
-0.054951
-0.040843
-0.028180
-0.016733
-0.009872
-0.005645
-0.002893
-0.001819
-0.002191
-0.003556
-0.005529
-0.007219
-0.008160
-0.008177
-0.006951
-0.005834
-0.005142
-0.005097
-0.004511
-0.003834
-0.003618
-0.003334
-0.003111
-0.002672
-0.002221
-0.001967
-0.001563
-0.001250
-0.000817
-0.000774
-0.001016
-0.001188
-0.001061
-0.000712
-0.000343
-0.000061
-0.000048
-0.000035
-0.000507
-0.000880
-0.001109
-0.002763
-0.000531
0.004081
0.010006
0.017034
0.023908
0.031544
0.039780
0.049950
0.055912
0.067066
0.068152
0.070359
0.074848
0.073048
0.072017
0.074592
0.071012
0.070093
0.068867
0.064261
0.060173
0.061288
0.058706
0.053295
0.043020
0.037182
0.030307
0.023308
0.015911
0.010258
0.008329
0.008815
0.009776
0.010642
0.010985
0.011082
0.011335
0.010251
0.009561
0.006909
0.005987
0.005726
0.006221
0.006807
0.006577
0.004954
0.002520
0.000753
-0.000356
-0.001095
-0.001671
-0.002393
-0.002631
-0.002421
-0.002038
-0.001851
-0.001653
-0.001511
-0.001286
-0.001145
-0.001595
-0.002876
-0.005299
-0.008020
-0.012299
-0.017588
-0.024244
-0.030371
-0.038038
-0.043002
-0.044467
-0.051929
-0.055317
-0.057004
-0.058444
-0.062227
-0.060170
-0.055831
-0.053361
-0.047837
-0.042976
-0.038763
-0.034975
-0.030813
-0.027356
-0.018812
-0.005684
0.010119
0.026089
0.040776
0.054267
0.064819
0.077521
0.088330
0.093666
0.097193
0.092126
0.072233
0.049902
0.029563
0.014287
0.004846
-0.000293
-0.001897
-0.000482
0.003507
0.007044
0.009606
0.012300
0.014648
0.016063
0.014818
0.011688
0.008285
0.006666
0.005250
0.004713
0.004119
0.003572
0.003068
0.002247
0.001321
0.000636
0.000220
-0.000268
-0.001982
-0.004608
-0.008168
-0.012106
-0.017549
-0.024529
-0.032255
-0.040711
-0.050179
-0.059267
-0.066824
-0.076845
-0.082751
-0.081571
-0.080605
-0.077665
-0.076805
-0.069847
-0.064132
-0.060028
-0.058450
-0.058162
-0.059498
-0.061847
-0.068963
-0.074002
-0.078787
-0.081597
-0.081064
-0.074841
-0.063245
-0.049294
-0.036522
-0.024908
-0.015716
-0.009238
-0.007882
-0.009132
-0.012288
-0.016100
-0.018256
-0.019974
-0.022877
-0.023797
-0.023786
-0.023478
-0.022737
-0.021673
-0.020984
-0.019662
-0.017510
-0.015051
-0.012866
-0.010357
-0.008955
-0.008773
-0.009626
-0.010719
-0.012032
-0.013782
-0.015702
-0.016863
-0.017001
-0.016793
-0.016613
-0.015550
-0.015462
-0.015121
-0.014534
-0.013609
-0.013180
-0.012987
-0.012967
-0.012889
-0.012016
-0.012189
-0.011503
-0.011318
-0.011403
-0.011366
-0.011455
-0.011683
-0.012208
-0.012460
-0.013067
-0.013596
-0.013351
-0.012659
-0.012090
-0.011459
-0.010748
-0.010621
-0.010778
-0.011543
-0.011637
-0.013143
-0.014765
-0.015787
-0.017540
-0.018306
-0.018568
-0.017525
-0.015765
-0.014164
-0.012964
-0.011736
-0.010578
-0.009413
-0.008050
-0.007583
-0.007964
-0.008632
-0.009665
-0.010977
-0.012954
-0.015863
-0.019974
-0.023802
-0.029668
-0.035556
-0.044868
-0.054980
-0.068154
-0.083929
-0.095462
-0.107613
-0.108127
-0.119269
-0.127746
-0.135189
-0.132953
-0.125116
-0.114120
-0.109539
-0.116195
-0.124262
-0.137788
-0.149653
-0.163047
-0.186115
-0.171224
-0.133181
-0.100077
-0.068905
-0.045641
-0.023716
-0.003905
0.008178
0.013553
0.013456
0.008290
0.003174
-0.001209
-0.005825
-0.009173
-0.009969
-0.008770
-0.004987
0.000447
0.006412
0.010870
0.013149
0.014118
0.014878
0.015220
0.015011
0.014625
0.014644
0.013381
0.012500
0.011738
0.010777
0.011108
0.012576
0.014810
0.018292
0.022447
0.026914
0.031596
0.035070
0.041328
0.046371
0.055295
0.065335
0.075943
0.087631
0.098912
0.114323
0.122316
0.133466
0.132595
0.128499
0.114578
0.098463
0.095006
0.097179
0.102904
0.117629
0.129611
0.146960
0.161736
0.158602
0.137068
0.108961
0.083080
0.059288
0.037370
0.020067
0.009301
0.002549
-0.001599
-0.001669
-0.000673
-0.001321
-0.002526
-0.001231
-0.000914
-0.002545
-0.005309
-0.008173
-0.011521
-0.015140
-0.018787
-0.020871
-0.023322
-0.025043
-0.026406
-0.025929
-0.022405
-0.016897
-0.011137
-0.006008
-0.003613
-0.003763
-0.004058
-0.003398
-0.003335
-0.003943
-0.004805
-0.004949
-0.004761
-0.004198
-0.003322
-0.002734
-0.001928
-0.000646
-0.000617
0.000155
0.001372
0.001632
0.001672
0.001341
0.000905
0.000946
0.000531
-0.000088
-0.000078
0.000008
0.000025
0.000312
0.000580
0.000978
0.001661
0.002647
0.003525
0.006254
0.010764
0.017482
0.025778
0.037119
0.047679
0.058357
0.068946
0.078246
0.092570
0.111275
0.128823
0.130626
0.131044
0.116684
0.103175
0.089394
0.067746
0.041493
0.019145
0.003394
-0.004945
-0.007499
-0.006066
-0.001478
0.004278
0.009768
0.014620
0.018878
0.021555
0.023134
0.020872
0.017255
0.012461
0.011025
0.009186
0.009115
0.010079
0.012064
0.015256
0.018273
0.023451
0.027996
0.032034
0.036477
0.040206
0.041883
0.041355
0.039646
0.037032
0.035039
0.034019
0.033420
0.030117
0.027488
0.026288
0.026994
0.028257
0.030214
0.032588
0.033991
0.034732
0.034643
0.033071
0.032533
0.031194
0.031728
0.033194
0.035088
0.035896
0.035819
0.034950
0.033529
0.032628
0.032585
0.035073
0.036452
0.033920
0.034142
0.031654
0.028052
0.024114
0.020121
0.016842
0.014258
0.012621
0.009402
0.008195
0.007138
0.006214
0.005616
0.005204
0.004896
0.004351
0.003862
0.003306
0.002618
0.002702
0.003941
0.005717
0.006686
0.006833
0.006955
0.007175
0.007385
0.007740
0.006955
0.007255
0.007290
0.007782
0.007798
0.007606
0.007485
0.007540
0.007893
0.007944
0.007760
0.007677
0.008126
0.008175
0.008958
0.009761
0.010636
0.011354
0.011356
0.011113
0.010821
0.011366
0.011045
0.010920
0.010339
0.009532
0.010512
0.011106
0.010910
0.010722
0.010448
0.010761
0.010047
0.009827
0.009654
0.009955
0.010085
0.011678
0.012307
0.012077
0.011401
0.010378
0.009509
0.008312
0.007212
0.006419
0.005384
0.005545
0.006605
0.007512
0.008525
0.009466
0.010348
0.010976
0.011737
0.012421
0.013039
0.012692
0.012158
0.010894
0.009936
0.008789
0.008239
0.008926
0.010503
0.010016
0.009891
0.009529
0.009173
0.009045
0.010489
0.010447
0.010694
0.010979
0.011320
0.011530
0.011317
0.011186
0.011642
0.011669
0.011675
0.011016
0.010172
0.009600
0.008745
0.008157
0.007478
0.006984
0.006536
0.005642
0.006005
0.007093
0.008669
0.010695
0.012771
0.014074
0.014251
0.014043
0.012556
0.011217
0.009966
0.009980
0.010384
0.011487
0.011689
0.011374
0.011412
0.011611
0.011307
0.010611
0.010037
0.009195
0.009015
0.008929
0.008745
0.008585
0.008928
0.009254
0.009533
0.010001
0.010557
0.011434
0.012295
0.012442
0.011295
0.010495
0.008762
0.008680
0.008005
0.007768
0.007740
0.008907
0.009525
0.010402
0.011396
0.011769
0.011201
0.011179
0.011164
0.011134
0.010356
0.009533
0.008621
0.007768
0.007083
0.006284
0.005894
0.005000
0.004688
0.004351
0.003325
0.003221
0.006230
0.006715
-0.000602
-0.006105
-0.001765
-0.000105
0.001201
0.002937
0.004441
0.004954
0.004333
0.001955
-0.002441
-0.008700
-0.019327
-0.037342
-0.052601
-0.069905
-0.081497
-0.087849
-0.100839
-0.109608
-0.105670
-0.096928
-0.074485
-0.049894
-0.026585
-0.011539
-0.001488
0.003797
0.005500
0.004438
0.001354
-0.002307
-0.006108
-0.009701
-0.011988
-0.012882
-0.013551
-0.011856
-0.009042
-0.006936
-0.004635
-0.002997
-0.002110
-0.001898
-0.001933
-0.001768
-0.001048
-0.000952
-0.000823
-0.000580
-0.000363
-0.000277
-0.000313
-0.000674
-0.001299
-0.001659
-0.001888
-0.001707
-0.001169
-0.000457
0.000338
0.001553
0.003767
0.007222
0.011730
0.017580
0.024915
0.036478
0.049915
0.064169
0.078441
0.092964
0.106434
0.115399
0.118247
0.118520
0.115469
0.109715
0.107909
0.105830
0.103479
0.100374
0.091263
0.077519
0.069290
0.052242
0.038074
0.025552
0.016243
0.010853
0.009802
0.011540
0.014416
0.017013
0.017753
0.017065
0.015700
0.013626
0.012428
0.011759
0.011473
0.010263
0.007139
0.005558
0.005005
0.004024
0.002801
0.002177
0.001683
0.001287
0.001114
0.001114
0.001267
0.001409
0.001324
0.001414
0.001295
0.001486
0.001618
0.003473
0.006761
0.011818
0.019797
0.029582
0.040024
0.053883
0.068557
0.082584
0.096322
0.105941
0.117390
0.118579
0.129971
0.127683
0.116984
0.106393
0.102028
0.097118
0.099020
0.114574
0.134043
0.150056
0.157146
0.156406
0.147085
0.102288
0.071448
0.040313
0.013867
-0.018206
-0.038289
-0.045297
-0.046505
-0.042996
-0.035177
-0.030565
-0.028696
-0.029937
-0.033877
-0.039083
-0.046514
-0.052007
-0.059822
-0.063497
-0.068993
-0.074611
-0.078145
-0.080711
-0.080760
-0.080255
-0.081942
-0.077640
-0.072440
-0.067979
-0.068869
-0.068093
-0.068177
-0.068800
-0.073345
-0.075581
-0.077903
-0.079284
-0.078972
-0.077367
-0.074759
-0.074682
-0.069216
-0.069912
-0.072952
-0.073152
-0.076117
-0.083304
-0.093181
-0.097875
-0.110188
-0.111807
-0.101720
-0.092304
-0.081444
-0.073180
-0.068874
-0.068616
-0.069419
-0.068293
-0.076599
-0.078877
-0.083386
-0.089219
-0.078616
-0.061670
-0.044074
-0.022761
-0.000470
0.021535
0.043114
0.063322
0.074845
0.091900
0.100179
0.104917
0.112209
0.107445
0.100744
0.089895
0.081465
0.075188
0.077792
0.087644
0.101022
0.107461
0.116964
0.112538
0.100443
0.084684
0.060151
0.035395
0.018314
0.008538
0.004631
0.008061
0.016663
0.029009
0.045008
0.060538
0.073887
0.090161
0.104587
0.114963
0.127376
0.133692
0.129518
0.122454
0.110501
0.104110
0.104132
0.102748
0.103508
0.106400
0.111414
0.119282
0.113444
0.097660
0.061406
0.029922
0.004547
-0.011361
-0.020616
-0.025654
-0.030394
-0.035882
-0.041299
-0.046298
-0.049598
-0.053176
-0.055066
-0.051955
-0.051872
-0.053954
-0.054692
-0.056333
-0.059498
-0.063207
-0.063792
-0.068517
-0.073976
-0.079011
-0.083001
-0.086688
-0.089249
-0.089880
-0.090669
-0.084733
-0.078131
-0.073219
-0.068829
-0.066158
-0.066547
-0.069116
-0.072919
-0.072338
-0.075399
-0.080181
-0.085293
-0.089669
-0.095739
-0.093689
-0.087751
-0.081511
-0.075267
-0.071909
-0.071409
-0.075888
-0.077230
-0.077644
-0.078487
-0.079621
-0.080522
-0.080369
-0.084127
-0.082420
-0.083538
-0.082581
-0.077683
-0.065161
-0.048457
-0.030402
-0.012071
0.005739
0.020519
0.035300
0.049997
0.059934
0.075927
0.087783
0.096823
0.100975
0.100575
0.103553
0.093914
0.096862
0.098948
0.099455
0.095366
0.097308
0.098732
0.093701
0.084566
0.071880
0.054832
0.041854
0.032347
0.027429
0.026342
0.025599
0.025963
0.025216
0.023187
0.021006
0.019268
0.017815
0.014781
0.012565
0.010761
0.009081
0.007163
0.006016
0.005225
0.004762
0.004467
0.003994
0.003864
0.003927
0.003427
0.002840
0.001660
0.001781
0.001847
0.001256
0.000509
0.000011
-0.000279
-0.000059
0.001077
0.003535
0.007866
0.014156
0.023099
0.035022
0.046616
0.060039
0.073734
0.087726
0.099236
0.112708
0.116450
0.129604
0.132413
0.123056
0.111560
0.101409
0.096722
0.091732
0.096579
0.110603
0.128960
0.136194
0.144096
0.161228
0.156854
0.131684
0.099069
0.062064
0.027456
-0.000782
-0.016986
-0.024685
-0.027491
-0.027624
-0.027858
-0.026739
-0.024724
-0.022828
-0.020902
-0.020626
-0.021561
-0.024148
-0.027839
-0.034260
-0.039332
-0.045893
-0.049292
-0.053926
-0.059250
-0.059404
-0.061511
-0.059258
-0.055522
-0.048705
-0.036717
-0.023459
-0.006028
0.013588
0.031206
0.045591
0.058332
0.070397
0.078929
0.085904
0.098100
0.101989
0.105887
0.096127
0.084550
0.062665
0.044881
0.027739
0.010717
-0.004088
-0.013937
-0.019622
-0.022587
-0.025018
-0.026399
-0.027283
-0.030273
-0.033624
-0.037145
-0.040466
-0.045071
-0.046279
-0.046317
-0.045063
-0.043761
-0.044094
-0.043274
-0.043221
-0.044303
-0.046301
-0.049604
-0.054856
-0.060345
-0.060171
-0.046506
-0.026168
-0.004012
0.018293
0.036124
0.050926
0.066076
0.083289
0.099416
0.112236
0.111649
0.111240
0.106875
0.095899
0.083129
0.069549
0.051872
0.031504
0.018787
0.011219
0.006893
0.004807
0.004897
0.007371
0.009960
0.013002
0.015226
0.016607
0.016669
0.014612
0.013423
0.010401
0.007436
0.005530
0.004206
0.004116
0.003104
0.002492
0.001906
0.001788
0.001537
0.001488
0.001321
0.000836
0.000662
0.000598
0.000388
0.000476
0.000716
0.000711
0.000974
0.001127
0.000864
0.000412
-0.000848
-0.005720
-0.002184
0.001190
0.001757
0.001745
0.001713
0.001590
0.001180
0.000784
0.000274
0.000009
-0.000194
-0.000378
-0.000617
-0.000676
-0.000301
-0.000110
-0.000070
-0.000148
-0.000060
0.000022
0.000224
0.000182
-0.000109
-0.000117
-0.000020
0.000011
0.000047
0.000048
-0.000037
0.000027
0.000065
-0.000356
-0.000232
-0.000284
-0.000309
-0.000045
0.000091
-0.000030
-0.000092
-0.000157
-0.000046
-0.000194
-0.000068
-0.000028
-0.000030
-0.000057
-0.000241
-0.000418
-0.000470
-0.000607
-0.000673
-0.000850
-0.000956
-0.000999
-0.000944
-0.000554
-0.000461
-0.000764
-0.000925
-0.000844
-0.000424
-0.000460
-0.000117
0.000000
0.000114
0.000340
0.000331
0.000269
0.000288
0.000268
0.000244
0.000080
0.000015
-0.000033
-0.000057
0.000025
0.000140
-0.000054
0.000055
0.000060
-0.000155
-0.002405
-0.003545
-0.001775
-0.000920
0.000865
0.001082
0.001070
0.000692
0.000832
0.000027
0.000026
-0.000032
-0.000584
-0.000577
-0.000241
-0.000033
0.000000
-0.000354
-0.000584
-0.002083
-0.004891
-0.002270
-0.001399
0.001703
0.002676
0.003031
0.003186
0.002886
0.002543
0.002511
0.002274
0.001933
0.001282
0.000643
0.000352
0.000254
0.000027
-0.000100
-0.000430
-0.000867
-0.000591
-0.000386
-0.000601
-0.000344
-0.000285
0.000051
0.000232
0.000628
0.001027
0.001322
0.001516
0.001387
0.001076
0.000690
0.000408
0.000243
-0.000638
-0.001577
-0.002308
-0.002263
-0.001938
-0.001385
-0.000494
0.000803
0.001323
0.000012
-0.004042
-0.008519
-0.012601
-0.016863
-0.020289
-0.025012
-0.031958
-0.034536
-0.037879
-0.040649
-0.042355
-0.042636
-0.041941
-0.042312
-0.041679
-0.042121
-0.041683
-0.041449
-0.040403
-0.040692
-0.038531
-0.036962
-0.035634
-0.035065
-0.036630
-0.038942
-0.040917
-0.043034
-0.044558
-0.046536
-0.044846
-0.043048
-0.041595
-0.040639
-0.040001
-0.040801
-0.042656
-0.045570
-0.045349
-0.049007
-0.047177
-0.045693
-0.044349
-0.041274
-0.039970
-0.040798
-0.041528
-0.040739
-0.041592
-0.042536
-0.043785
-0.045220
-0.047774
-0.047918
-0.051471
-0.049996
-0.046382
-0.042619
-0.039525
-0.037078
-0.036033
-0.036510
-0.037835
-0.039896
-0.042208
-0.043737
-0.048479
-0.048969
-0.049865
-0.048999
-0.048050
-0.044202
-0.039185
-0.033525
-0.027579
-0.021585
-0.017318
-0.014266
-0.019172
-0.038429
-0.021897
0.002430
0.008789
0.010800
0.010926
0.008716
0.005086
0.000335
-0.002590
-0.004881
-0.006998
-0.007446
-0.006730
-0.005560
-0.004497
-0.003901
-0.003216
-0.002543
-0.001897
-0.001461
-0.001275
-0.001126
-0.001022
-0.000708
-0.000195
0.000169
0.000382
0.000680
0.000828
0.001077
0.001601
0.001845
-0.000523
-0.006043
-0.000918
0.001392
0.002135
0.001584
0.001126
0.000740
0.000303
-0.000150
-0.000618
-0.000908
-0.001264
-0.001203
-0.001205
-0.001388
-0.001590
-0.001114
-0.000714
-0.000419
-0.002668
-0.001632
-0.001991
0.000767
0.001475
0.001464
0.001542
0.001370
0.001235
0.000965
0.000500
0.000198
-0.000087
-0.000174
-0.000245
-0.000173
-0.000137
-0.000193
0.000041
0.000293
0.000107
0.000194
0.000243
0.000497
0.002052
0.005043
0.007587
0.012118
0.018515
0.029348
0.042496
0.053971
0.068981
0.083261
0.090435
0.098979
0.110229
0.117303
0.122392
0.123432
0.112240
0.106932
0.100216
0.097811
0.097497
0.099347
0.096306
0.108262
0.124951
0.141414
0.165265
0.169278
0.145130
0.110207
0.081542
0.054872
0.028948
0.011417
0.004228
0.004712
0.011303
0.018149
0.023721
0.026717
0.026891
0.024876
0.021744
0.016798
0.012796
0.010019
0.008147
0.006205
0.004715
0.004511
0.010036
0.006900
-0.003480
-0.001743
0.001497
0.002790
0.003272
0.003309
0.002930
0.003302
0.002688
0.002115
0.001259
0.000802
0.000465
0.000145
-0.000210
-0.000612
-0.001234
-0.003235
-0.001802
-0.001644
0.000990
0.002169
0.002495
0.002675
0.002205
0.002073
0.001367
0.000941
0.000617
0.000398
-0.000049
-0.000100
-0.000624
-0.000811
-0.001193
-0.001763
-0.002431
-0.003374
-0.002994
-0.002053
-0.001115
0.000325
0.002404
0.005614
0.010566
0.017346
0.027523
0.039152
0.052953
0.064141
0.076890
0.087367
0.098149
0.107349
0.119679
0.120628
0.126236
0.111586
0.096853
0.079269
0.061756
0.040013
0.022654
0.010893
0.017145
0.043323
0.018690
-0.018763
-0.012517
-0.005351
0.001829
0.008628
0.014211
0.017030
0.017576
0.017101
0.017241
0.018273
0.020147
0.022216
0.024037
0.027908
0.032713
0.035634
0.039793
0.044092
0.048674
0.053016
0.052849
0.055725
0.054576
0.049454
0.047448
0.048980
0.046997
0.044366
0.044018
0.045722
0.050206
0.051909
0.053585
0.054745
0.055611
0.056740
0.056271
0.054520
0.048124
0.041786
0.035057
0.028150
0.023001
0.016801
0.013165
0.009346
0.007100
0.006153
0.005929
0.007694
0.017811
0.011781
-0.000996
-0.001441
0.001028
0.001969
0.002020
0.002185
0.003063
0.003176
0.003362
0.003444
0.003241
0.002941
0.002406
0.001822
0.001089
0.000614
0.000252
-0.000964
-0.000489
-0.000800
-0.000526
0.000381
0.000409
0.000485
0.000603
0.000556
0.000658
0.000274
0.000459
0.000419
0.000273
0.000264
0.000063
-0.000098
-0.000509
-0.000856
-0.001001
-0.001253
-0.001382
-0.001248
-0.000872
-0.000260
0.000119
0.000534
0.000688
0.000428
0.000277
0.000073
0.000434
0.000674
0.000791
0.001802
0.002725
0.003396
0.004397
0.005561
0.007727
0.010499
0.013843
0.017193
0.020999
0.024473
0.026256
0.029573
0.033102
0.036361
0.039392
0.041545
0.038083
0.032835
0.026794
0.024206
0.023609
0.026640
0.031200
0.032963
0.033380
0.033016
0.032468
0.032163
0.032840
0.033349
0.034022
0.034907
0.035077
0.035099
0.034548
0.035965
0.036059
0.033803
0.033546
0.035900
0.035313
0.037631
0.036045
0.034854
0.032950
0.032193
0.030985
0.031265
0.031100
0.026466
0.021550
0.016664
0.012168
0.009030
0.007316
0.005591
0.005042
0.004639
0.004152
0.003894
0.003815
0.003297
0.003027
0.002609
0.002152
0.001833
0.001137
0.001130
0.000978
0.001110
0.001325
0.001591
0.001866
0.002174
0.002433
0.002864
0.003922
0.005380
0.007990
0.012130
0.016322
0.021859
0.028930
0.033579
0.039875
0.046920
0.049393
0.055886
0.058218
0.058335
0.056546
0.055713
0.049797
0.042227
0.032086
0.021852
0.012177
0.004408
-0.000348
-0.003094
-0.004397
-0.004055
-0.002231
0.001248
0.005452
0.010191
0.014495
0.019128
0.025016
0.031180
0.038029
0.044798
0.049585
0.051993
0.051251
0.052170
0.052855
0.052247
0.050509
0.048590
0.046203
0.038272
0.029665
0.020957
0.013130
0.007412
0.003127
0.000431
-0.000122
-0.000455
0.000387
0.002152
0.003986
0.005548
0.006428
0.007408
0.008112
0.010113
0.012153
0.014123
0.017533
0.020675
0.025685
0.029897
0.034005
0.040064
0.047132
0.052104
0.059717
0.065407
0.069971
0.069095
0.070868
0.072405
0.076931
0.074582
0.074318
0.068148
0.065277
0.058990
0.057758
0.054189
0.051357
0.046037
0.037791
0.030332
0.022534
0.016662
0.012542
0.011275
0.010966
0.012296
0.013069
0.013068
0.012038
0.010489
0.009087
0.007444
0.005491
0.004474
0.004855
0.004603
0.004498
0.006645
0.005985
0.001733
0.001085
0.000273
-0.000079
-0.000046
-0.000110
0.000027
0.000405
0.000462
0.000601
0.000955
0.001031
0.000972
0.000989
0.001101
0.000786
0.000766
-0.000392
-0.005469
-0.000423
0.001698
0.002144
0.001616
0.001236
0.000931
0.000436
0.000185
-0.000059
-0.000173
-0.000532
-0.000740
-0.000682
-0.000905
-0.000946
-0.001137
-0.001169
-0.001074
-0.000828
-0.000540
0.000050
0.000316
-0.000045
0.000089
-0.000118
-0.000024
0.000020
-0.001988
-0.002794
0.001495
0.001746
0.001648
0.001393
0.000985
0.000275
-0.000088
-0.000327
-0.001122
-0.001209
-0.001138
-0.001095
-0.000522
-0.000441
0.000470
-0.001118
-0.001381
-0.001679
-0.005063
-0.001225
0.001047
0.002046
0.002129
0.001667
0.001476
0.001181
0.001002
0.000908
0.000560
0.000237
0.000014
0.000302
-0.000291
-0.000607
-0.000497
-0.000642
-0.000761
-0.000946
-0.001257
-0.001211
0.000980
0.002455
0.003676
0.004739
0.006750
0.010438
0.015830
0.025839
0.039328
0.051574
0.066230
0.076436
0.089898
0.100672
0.113822
0.121926
0.123794
0.117504
0.096943
0.072844
0.043788
0.020061
-0.004833
-0.027490
-0.045657
-0.063167
-0.071297
-0.081001
-0.087292
-0.090307
-0.096249
-0.093270
-0.088893
-0.076255
-0.064523
-0.053977
-0.046357
-0.042383
-0.039410
-0.042723
-0.043837
-0.046573
-0.049235
-0.050438
-0.050336
-0.049954
-0.048749
-0.047352
-0.043667
-0.042534
-0.043439
-0.040763
-0.036990
-0.031750
-0.029350
-0.028288
-0.028152
-0.029690
-0.032036
-0.033859
-0.035674
-0.038607
-0.041414
-0.043802
-0.044546
-0.044152
-0.040937
-0.038419
-0.035479
-0.033678
-0.032705
-0.032494
-0.033734
-0.036036
-0.037067
-0.041625
-0.042323
-0.041123
-0.038416
-0.035770
-0.032946
-0.029583
-0.029540
-0.030286
-0.031538
-0.032664
-0.032569
-0.033180
-0.035112
-0.037342
-0.039315
-0.040543
-0.040638
-0.039378
-0.037757
-0.036542
-0.035678
-0.035020
-0.034916
-0.033502
-0.033878
-0.036898
-0.035545
-0.035795
-0.035716
-0.037404
-0.036178
-0.036196
-0.036441
-0.034599
-0.033633
-0.033130
-0.033038
-0.033426
-0.034739
-0.036151
-0.035880
-0.034427
-0.033880
-0.035560
-0.036988
-0.040001
-0.052287
-0.062880
-0.077825
-0.089769
-0.105655
-0.120359
-0.129835
-0.142001
-0.146566
-0.125702
-0.103782
-0.080294
-0.058429
-0.031777
-0.009078
0.014091
0.038162
0.054144
0.067710
0.077130
0.082644
0.085494
0.090272
0.091737
0.084970
0.075782
0.066919
0.055655
0.044478
0.033377
0.023232
0.015460
0.010660
0.008406
0.009594
0.011803
0.012916
0.013270
0.012383
0.011338
0.010324
0.009533
0.008098
0.006904
0.005520
0.004594
0.004034
0.004160
0.004107
0.002413
-0.001637
0.000679
0.002579
0.002018
0.001870
0.001331
0.000859
0.000642
0.000649
0.000721
0.000722
0.000750
0.000262
0.000304
0.000017
-0.000154
-0.000236
-0.000582
-0.001401
-0.002919
-0.001976
0.000685
0.002040
0.002316
0.002180
0.002114
0.001639
0.001157
0.000942
0.000559
0.000189
0.000007
0.000116
0.000046
-0.000201
-0.000350
-0.000273
-0.000402
-0.000110
0.000031
0.000103
0.000079
0.000187
0.000455
0.000436
-0.000102
-0.002518
-0.000757
-0.000695
0.000817
0.001169
0.001173
0.001019
0.000562
0.000282
-0.000162
-0.000154
-0.000242
-0.000257
-0.000411
-0.000280
-0.000278
-0.000243
0.000027
-0.000026
-0.002043
-0.003098
0.000451
0.001001
0.001412
0.001030
0.000809
0.000643
0.000258
-0.000116
-0.000312
-0.000600
-0.000178
-0.000471
-0.000506
-0.000025
0.000292
0.000515
0.000725
0.001083
0.001325
0.001707
0.001804
0.001896
0.001614
0.001001
0.002904
0.005861
0.009372
0.013846
0.018491
0.026241
0.035689
0.042616
0.050766
0.058354
0.060267
0.063544
0.065890
0.071699
0.071611
0.073156
0.071923
0.066434
0.064707
0.062657
0.064999
0.062074
0.059558
0.056612
0.047930
0.038999
0.031060
0.025410
0.021024
0.017939
0.016731
0.017334
0.017251
0.015879
0.014422
0.012727
0.009711
0.009983
0.011266
0.012630
0.015898
0.019269
0.022966
0.028133
0.033555
0.037296
0.042493
0.044050
0.049869
0.048817
0.042944
0.035806
0.026603
0.017901
0.008583
-0.000956
-0.011140
-0.020313
-0.027828
-0.031366
-0.033361
-0.036931
-0.036769
-0.034049
-0.031583
-0.026582
-0.020934
-0.015952
-0.012524
-0.011530
-0.012837
-0.014398
-0.016889
-0.020049
-0.022788
-0.025641
-0.027702
-0.032848
-0.034084
-0.037797
-0.037233
-0.033631
-0.029647
-0.023592
-0.018660
-0.016271
-0.014207
-0.011788
-0.009511
-0.007021
-0.003498
0.001019
0.005998
0.010779
0.016032
0.020971
0.026023
0.033687
0.039302
0.046546
0.053419
0.055486
0.059416
0.063272
0.066770
0.065738
0.072554
0.073220
0.075650
0.076472
0.072358
0.070294
0.068266
0.061158
0.062243
0.060099
0.060922
0.060729
0.061380
0.062804
0.062994
0.058700
0.053067
0.042511
0.030903
0.019399
0.012559
0.008192
0.006254
0.005642
0.006393
0.007875
0.008847
0.009606
0.009711
0.008917
0.007364
0.006859
0.006240
0.005595
0.004961
0.004194
0.003571
0.003056
0.002544
0.001942
0.001386
0.000902
0.000576
0.000416
0.000117
0.000003
-0.000258
-0.000538
-0.000269
0.000147
-0.000040
0.000198
0.000255
-0.000070
-0.000013
0.000006
-0.000018
-0.000132
0.000021
0.000020
-0.000071
0.000000
0.000000
0.000000
0.000000
0.000000
0.000000
0.000000
0.000000
0.000000
0.000000
0.000000
0.000000
0.000000
0.000000
0.000000
0.000000
0.000000
0.000000
0.000000
0.000000
0.000000
0.000000
0.000000
0.000000
0.000000
0.000000
0.000000
0.000000
0.000000
0.000000
