517.720398
1722.635010
3886.757080
4971.802734
5531.167480
6016.476074
6478.525391
6947.551270
7362.177734
8362.198242
9108.407227
9554.673828
10127.551758
10869.154297
11487.195312
12378.494141
13336.906250
14250.434570
14869.472656
15680.980469
17418.039062
17627.708984
18180.994141
18756.919922
19611.519531
20795.408203
21459.318359
24548.957031
25265.017578
26183.558594
27143.312500
27483.250000
28470.253906
28956.183594
29408.673828
29885.683594
31301.960938
32468.453125
33968.933594
34496.074219
34977.425781
0.000000
0.000000
0.000000
0.000000
0.000000
0.000000
0.000000
0.000000
0.000000
0.000000
0.000000
0.000000
0.000000
0.000000
0.000000
0.000000
0.000000
0.000000
0.000000
0.000000
0.000000
0.000000
0.000000
0.000000
0.000000
0.000000
0.000000
0.000000
0.000000
0.000000
0.000000
0.000000
0.000000
0.000000
0.000000
0.000000
0.000000
0.000000
0.000000
0.000000
0.000000
0.000000
0.000000
0.000000
0.000000
0.000000
0.000000
0.000000
0.000000
0.000000
0.000000
0.000000
0.000000
0.000000
0.000000
0.000000
0.000000
0.000000
0.000000
