0.570629
0.566402
0.498772
0.515680
0.528360
0.460730
0.477638
0.541041
0.473411
0.477638
0.494545
0.481865
0.502999
0.490319
0.469184
0.553722
0.486092
0.477638
0.435369
0.469184
0.494545
0.498772
0.600218
0.519907
0.443823
0.511453
0.464957
0.435369
0.477638
0.380420
0.448050
0.435369
0.486092
0.405781
0.448050
0.384646
0.486092
0.431142
0.422688
0.456503
0.502999
0.410008
0.426915
0.456503
0.448050
0.464957
0.473411
0.401554
0.486092
0.426915
0.448050
0.494545
0.431142
0.452277
0.418462
0.388873
0.507226
0.473411
0.367739
0.380420
0.528360
0.439596
0.515680
0.566402
0.507226
0.426915
0.579083
0.524134
0.515680
0.371966
0.583310
0.418462
0.541041
0.477638
0.515680
0.486092
0.502999
0.557949
0.549495
0.562176
0.524134
0.519907
0.532587
0.541041
0.431142
0.481865
0.473411
0.545268
0.515680
0.494545
0.541041
0.528360
0.557949
0.494545
0.507226
0.426915
0.486092
0.519907
0.519907
0.486092
0.557949
0.545268
0.541041
0.515680
0.507226
0.646713
0.570629
0.583310
0.439596
0.612898
0.443823
0.595991
0.532587
0.515680
0.481865
0.515680
0.507226
0.494545
0.481865
0.507226
0.507226
0.557949
0.536814
0.498772
0.562176
0.388873
0.612898
0.422688
0.570629
0.477638
0.519907
0.486092
0.524134
0.481865
0.507226
0.469184
0.481865
0.541041
0.443823
0.519907
0.481865
0.494545
0.498772
0.507226
0.469184
0.507226
0.439596
0.473411
0.524134
0.515680
0.473411
0.422688
0.562176
0.464957
0.426915
0.570629
0.524134
0.418462
0.579083
0.460730
0.460730
0.511453
0.494545
0.452277
0.401554
0.642486
0.469184
0.431142
0.541041
0.549495
0.443823
0.528360
0.473411
0.464957
0.473411
0.481865
0.541041
0.553722
0.524134
0.452277
0.448050
0.481865
0.431142
0.486092
0.498772
0.435369
0.511453
0.494545
0.507226
0.469184
0.498772
0.418462
0.490319
0.507226
0.519907
0.515680
0.473411
0.435369
0.519907
0.553722
0.490319
0.469184
0.452277
0.536814
0.570629
0.481865
0.519907
0.541041
0.486092
0.490319
0.536814
0.473411
0.486092
0.528360
0.553722
0.486092
0.502999
0.519907
0.528360
0.494545
0.519907
0.507226
0.502999
0.486092
0.464957
0.549495
0.498772
0.507226
0.511453
0.507226
0.481865
0.511453
0.456503
0.570629
0.612898
0.494545
0.498772
0.469184
0.494545
0.490319
0.477638
0.486092
0.460730
0.464957
0.464957
0.519907
0.524134
0.532587
0.536814
0.524134
0.528360
0.528360
0.507226
0.562176
0.494545
0.545268
0.600218
0.591764
0.587537
0.562176
0.612898
0.591764
0.566402
0.566402
0.638259
0.579083
0.553722
0.494545
0.604444
0.431142
0.519907
0.524134
0.557949
0.570629
0.469184
0.481865
0.469184
0.524134
0.524134
0.456503
0.426915
0.439596
0.511453
0.494545
0.515680
0.422688
0.549495
0.519907
0.507226
0.502999
0.532587
0.502999
0.490319
0.469184
0.448050
0.519907
0.477638
0.464957
0.338151
0.617125
0.591764
0.477638
0.481865
0.448050
0.393100
0.469184
0.524134
0.469184
0.477638
0.448050
0.469184
0.490319
0.439596
0.532587
0.490319
0.528360
0.511453
0.456503
0.422688
0.477638
0.473411
0.426915
0.469184
0.456503
0.452277
0.502999
0.464957
0.536814
0.490319
0.456503
0.481865
0.511453
0.452277
0.498772
0.473411
0.477638
0.477638
0.469184
0.511453
0.448050
0.473411
0.405781
0.393100
0.481865
0.511453
0.439596
0.524134
0.553722
0.507226
0.519907
0.549495
0.481865
0.486092
0.456503
0.498772
0.481865
0.507226
0.443823
0.515680
0.502999
0.477638
0.519907
0.464957
0.473411
0.481865
0.452277
0.481865
0.443823
0.490319
0.460730
0.486092
0.469184
0.519907
0.545268
0.481865
0.502999
0.519907
0.502999
0.595991
0.405781
0.545268
0.528360
0.549495
0.464957
0.443823
0.549495
0.524134
0.519907
0.553722
0.473411
0.494545
0.549495
0.519907
0.494545
0.490319
0.519907
0.515680
0.532587
0.549495
0.481865
0.519907
0.498772
0.494545
0.494545
0.536814
0.477638
0.460730
0.469184
0.562176
0.498772
0.426915
0.443823
0.536814
0.532587
0.490319
0.371966
0.469184
0.519907
0.591764
0.469184
0.511453
0.494545
0.431142
0.490319
0.532587
0.448050
0.443823
0.515680
0.511453
0.515680
0.469184
0.490319
0.439596
0.481865
0.587537
0.473411
0.439596
0.579083
0.553722
0.464957
0.502999
0.557949
0.498772
0.515680
0.532587
0.524134
0.481865
0.515680
0.388873
0.435369
0.515680
0.435369
0.583310
0.583310
0.507226
0.477638
0.486092
0.511453
0.490319
0.570629
0.481865
0.498772
0.532587
0.587537
0.536814
0.507226
0.519907
0.473411
0.393100
0.549495
0.464957
0.477638
0.473411
0.477638
0.498772
0.507226
0.494545
0.473411
0.460730
0.486092
0.464957
0.481865
0.498772
0.549495
0.519907
0.549495
0.528360
0.566402
0.591764
0.494545
0.515680
0.524134
0.528360
0.524134
0.519907
0.574856
0.625579
0.562176
0.587537
0.507226
0.498772
0.532587
0.574856
0.494545
0.490319
0.541041
0.579083
0.579083
0.519907
0.562176
0.574856
0.570629
0.490319
0.494545
0.532587
0.498772
0.562176
0.511453
0.579083
0.481865
0.528360
0.549495
0.502999
0.536814
0.536814
0.600218
0.566402
0.574856
0.625579
0.566402
0.570629
0.545268
0.435369
0.511453
0.469184
0.469184
0.469184
0.469184
0.498772
0.502999
0.460730
0.473411
0.490319
0.532587
0.431142
0.418462
0.405781
0.494545
0.460730
0.464957
0.452277
0.486092
0.473411
0.439596
0.443823
0.460730
0.410008
0.464957
0.448050
0.464957
0.473411
0.486092
0.477638
0.464957
0.456503
0.439596
0.469184
0.410008
0.435369
0.477638
0.448050
0.422688
0.452277
0.456503
0.422688
0.431142
0.443823
0.431142
0.464957
0.460730
0.481865
0.431142
0.380420
0.477638
0.452277
0.490319
0.443823
0.418462
0.359285
0.473411
0.464957
0.502999
0.443823
0.591764
0.486092
0.498772
0.557949
0.494545
0.452277
0.481865
0.435369
0.494545
0.435369
0.541041
0.524134
0.473411
0.443823
0.469184
0.541041
0.477638
0.541041
0.507226
0.490319
0.422688
0.553722
0.435369
0.448050
0.562176
0.519907
0.562176
0.541041
0.536814
0.587537
0.464957
0.583310
0.519907
0.549495
0.515680
0.448050
0.579083
0.507226
0.553722
0.612898
0.650940
0.557949
0.570629
0.541041
0.557949
0.511453
0.498772
0.545268
0.515680
0.545268
0.524134
0.532587
0.473411
0.477638
0.629806
0.452277
0.587537
0.507226
0.519907
0.511453
0.579083
0.498772
0.435369
0.566402
0.452277
0.481865
0.528360
0.549495
0.545268
0.507226
0.494545
0.494545
0.486092
0.426915
0.498772
0.460730
0.528360
0.507226
0.498772
0.502999
0.579083
0.528360
0.519907
0.405781
0.579083
0.515680
0.507226
0.473411
0.456503
0.519907
0.477638
0.511453
0.553722
0.486092
0.418462
0.511453
0.579083
0.570629
0.469184
0.507226
0.486092
0.460730
0.532587
0.355058
0.600218
0.722797
0.545268
0.486092
0.519907
0.507226
0.498772
0.541041
0.511453
0.477638
0.502999
0.507226
0.562176
0.460730
0.528360
0.490319
0.431142
0.507226
0.515680
0.507226
0.481865
0.528360
0.511453
0.507226
0.528360
0.473411
0.486092
0.524134
0.477638
0.528360
0.646713
0.418462
0.536814
0.498772
0.566402
0.507226
0.490319
0.410008
0.532587
0.464957
0.494545
0.515680
0.553722
0.473411
0.490319
0.498772
0.502999
0.494545
0.477638
0.426915
0.583310
0.401554
0.621352
0.418462
0.617125
0.498772
0.397327
0.439596
0.545268
0.553722
0.494545
0.477638
0.431142
0.502999
0.448050
0.515680
0.481865
0.435369
0.502999
0.464957
0.515680
0.502999
0.519907
0.608671
0.494545
0.490319
0.502999
0.498772
0.452277
0.448050
0.477638
0.545268
0.490319
0.469184
0.469184
0.498772
0.515680
0.515680
0.515680
0.536814
0.490319
0.553722
0.515680
0.583310
0.553722
0.557949
0.532587
0.477638
0.541041
0.553722
0.612898
0.595991
0.612898
0.663621
0.634033
0.595991
0.629806
0.524134
0.502999
0.579083
0.541041
0.511453
0.469184
0.545268
0.532587
0.507226
0.502999
0.486092
0.448050
0.494545
0.452277
0.545268
0.494545
0.481865
0.486092
0.414235
0.490319
0.439596
0.490319
0.414235
0.431142
0.469184
0.439596
0.464957
0.397327
0.511453
0.397327
0.410008
0.405781
0.448050
0.422688
0.481865
0.486092
0.426915
0.460730
0.435369
0.431142
0.460730
0.460730
0.422688
0.426915
0.431142
0.473411
0.494545
0.448050
0.426915
0.443823
0.528360
0.490319
0.490319
0.469184
0.490319
0.414235
0.435369
0.519907
0.486092
0.426915
0.443823
0.528360
0.511453
0.486092
0.519907
0.494545
0.570629
0.528360
0.494545
0.502999
0.574856
0.545268
0.549495
0.574856
0.524134
0.541041
0.541041
0.498772
0.397327
0.591764
0.634033
0.612898
0.541041
0.524134
0.557949
0.629806
0.634033
0.536814
0.570629
0.562176
0.574856
0.566402
0.566402
0.511453
0.557949
0.541041
0.524134
0.566402
0.617125
0.486092
0.574856
0.604444
0.536814
0.524134
0.566402
0.481865
0.545268
0.528360
0.549495
0.536814
0.574856
0.511453
0.490319
0.536814
0.541041
0.536814
0.498772
0.549495
0.452277
0.511453
0.473411
0.494545
0.473411
0.494545
0.515680
0.473411
0.511453
0.477638
0.494545
0.473411
0.460730
0.498772
0.422688
0.507226
0.519907
0.481865
0.473411
0.507226
0.519907
0.410008
0.553722
0.515680
0.464957
0.460730
0.502999
0.460730
0.502999
0.367739
0.439596
0.494545
0.410008
0.494545
0.460730
0.448050
0.464957
0.464957
0.464957
0.498772
0.439596
0.439596
0.448050
0.452277
0.464957
0.431142
0.439596
0.473411
0.469184
0.481865
0.481865
0.490319
0.477638
0.490319
0.473411
0.524134
0.507226
0.541041
0.481865
0.591764
0.502999
0.486092
0.528360
0.553722
0.536814
0.562176
0.600218
0.608671
0.608671
0.625579
0.566402
0.608671
0.595991
0.553722
0.464957
0.528360
0.519907
0.502999
0.469184
0.507226
0.536814
0.511453
0.570629
0.486092
0.515680
0.418462
0.422688
0.460730
0.511453
0.498772
0.456503
0.490319
0.473411
0.456503
0.448050
0.477638
0.490319
0.515680
0.481865
0.486092
0.511453
0.486092
0.431142
0.502999
0.481865
0.431142
0.490319
0.511453
0.473411
0.469184
0.460730
0.486092
0.502999
0.448050
0.502999
0.469184
0.490319
0.494545
0.426915
0.486092
0.481865
0.473411
0.473411
0.393100
0.418462
0.448050
0.486092
0.460730
0.460730
0.477638
0.426915
0.426915
0.401554
0.448050
0.469184
0.439596
0.519907
0.481865
0.397327
0.448050
0.422688
0.469184
0.536814
0.553722
0.460730
0.528360
0.456503
0.443823
0.464957
0.498772
0.439596
0.469184
0.460730
0.481865
0.524134
0.498772
0.515680
0.515680
0.532587
0.486092
0.473411
0.536814
0.532587
0.536814
0.473411
0.570629
0.443823
0.490319
0.477638
0.464957
0.532587
0.443823
0.562176
0.448050
0.519907
0.519907
0.494545
0.481865
0.460730
0.515680
0.545268
0.536814
0.532587
0.448050
0.553722
0.549495
0.515680
0.541041
0.443823
0.541041
0.473411
0.494545
0.456503
0.502999
0.502999
0.498772
0.528360
0.511453
0.486092
0.371966
0.650940
0.528360
0.507226
0.541041
0.486092
0.460730
0.481865
0.545268
0.519907
0.536814
0.494545
0.422688
0.456503
0.502999
0.528360
0.435369
0.541041
0.595991
0.486092
0.448050
0.507226
0.469184
0.448050
0.536814
0.536814
0.507226
0.367739
0.469184
0.532587
0.435369
0.528360
0.490319
0.486092
0.502999
0.418462
0.515680
0.486092
0.574856
0.448050
0.376193
0.507226
0.452277
0.486092
0.536814
0.490319
0.532587
0.469184
0.464957
0.464957
0.494545
0.469184
0.481865
0.528360
0.494545
0.481865
0.477638
0.486092
0.469184
0.532587
0.473411
0.498772
0.502999
0.473411
0.511453
0.486092
0.524134
0.502999
0.502999
0.469184
0.490319
0.524134
0.481865
0.469184
0.502999
0.507226
0.553722
0.511453
0.490319
0.541041
0.502999
0.536814
0.519907
0.553722
0.545268
0.562176
0.536814
0.566402
0.621352
0.460730
0.562176
0.494545
0.536814
0.515680
0.557949
0.545268
0.469184
0.494545
0.473411
0.464957
0.524134
0.511453
0.511453
0.452277
0.494545
0.498772
0.486092
0.443823
0.524134
0.507226
0.511453
0.490319
0.498772
0.494545
0.452277
0.426915
0.452277
0.502999
0.507226
0.486092
0.511453
0.460730
0.494545
0.452277
0.511453
0.452277
0.414235
0.448050
0.502999
0.439596
0.473411
0.464957
0.498772
0.477638
0.494545
0.481865
0.418462
0.448050
0.452277
0.498772
0.460730
0.477638
0.511453
0.439596
0.490319
0.494545
0.494545
0.481865
0.464957
0.473411
0.519907
0.519907
0.376193
0.460730
0.469184
0.494545
0.498772
0.486092
0.528360
0.498772
0.502999
0.524134
0.443823
0.486092
0.532587
0.498772
0.486092
0.507226
0.490319
0.511453
0.502999
0.418462
0.507226
0.460730
0.524134
0.473411
0.515680
0.477638
0.498772
0.490319
0.549495
0.448050
0.570629
0.557949
0.507226
0.524134
0.460730
0.469184
0.448050
0.502999
0.532587
0.460730
0.562176
0.418462
0.528360
0.528360
0.448050
0.519907
0.486092
0.549495
0.469184
0.486092
0.486092
0.477638
0.528360
0.422688
0.507226
0.469184
0.469184
0.490319
0.469184
0.545268
0.532587
0.528360
0.452277
0.397327
0.473411
0.553722
0.486092
0.524134
0.490319
0.515680
0.528360
0.524134
0.541041
0.498772
0.498772
0.524134
0.587537
0.549495
0.591764
0.570629
0.579083
0.570629
0.574856
0.574856
0.574856
0.617125
0.557949
0.574856
0.570629
0.617125
0.617125
0.498772
0.481865
0.536814
0.511453
0.456503
0.570629
0.595991
0.604444
0.519907
0.524134
0.566402
0.473411
0.570629
0.549495
0.570629
0.524134
0.536814
0.473411
0.587537
0.532587
0.557949
0.448050
0.464957
0.507226
0.486092
0.528360
0.481865
0.481865
0.477638
0.515680
0.456503
0.460730
0.418462
0.498772
0.507226
0.494545
0.494545
0.549495
0.486092
0.519907
0.494545
0.456503
0.486092
0.507226
0.481865
0.502999
0.486092
0.557949
0.481865
0.515680
0.511453
0.519907
0.545268
0.511453
0.477638
0.456503
0.464957
0.502999
0.515680
0.524134
0.524134
0.494545
0.473411
0.507226
0.507226
0.486092
0.464957
0.401554
0.431142
0.397327
0.426915
0.477638
0.422688
0.486092
0.469184
0.397327
0.469184
0.435369
0.414235
0.452277
0.388873
0.414235
0.481865
0.443823
0.439596
0.410008
0.422688
0.393100
0.401554
0.333924
0.397327
0.486092
0.422688
0.422688
0.481865
0.443823
0.452277
0.422688
0.367739
0.418462
0.414235
0.397327
0.448050
0.435369
0.443823
0.477638
0.460730
0.481865
0.502999
0.519907
0.515680
0.536814
0.524134
0.524134
0.536814
0.541041
0.524134
0.557949
0.574856
0.545268
0.591764
0.604444
0.532587
0.579083
0.587537
0.562176
0.583310
0.595991
0.608671
0.617125
0.562176
0.536814
0.541041
0.515680
0.629806
0.528360
