10.233286
10.026170
10.305143
10.626387
10.296689
10.119161
10.423496
10.393907
10.123388
10.059985
10.347412
10.182563
10.089573
10.377001
10.423496
10.178338
10.152975
10.165657
10.398134
10.440405
10.410816
10.385455
10.406589
10.076891
10.233287
10.275554
10.360093
10.431950
10.398136
10.030396
10.275555
10.195244
10.169881
10.402361
10.389680
10.000807
10.043077
10.461538
10.491127
10.123386
10.038849
10.085345
10.114934
10.178337
10.465765
10.178337
10.343185
10.114934
10.229059
10.351639
10.617933
10.089573
10.216378
10.119160
10.258648
10.368546
10.402360
10.034623
10.152975
10.059983
10.385454
10.055757
10.250194
10.233286
10.043077
10.043077
10.457312
10.148749
10.043077
10.229059
10.229059
10.026169
10.284010
10.313598
10.343184
10.127614
10.360094
10.195244
10.431951
10.178339
10.224833
10.005033
10.372772
10.051530
10.309370
10.258647
10.444633
10.102253
10.089572
10.267100
10.347412
10.406589
10.385454
10.444632
10.182565
10.385453
10.199471
10.440405
10.431951
10.431952
10.347413
10.021942
10.372773
10.305144
10.427722
10.419269
10.415042
10.440403
10.330504
10.334731
10.262874
10.351639
10.089572
10.165655
10.275556
10.267101
10.262875
10.212153
10.334731
10.161428
10.186790
10.174109
10.102253
10.448856
10.093800
10.102254
10.571437
10.068439
10.000808
10.427722
10.423496
10.389681
10.410815
10.254420
10.423496
10.013489
10.486900
10.440405
10.009262
10.457312
10.398134
10.474218
10.377000
10.398135
10.495353
10.364320
10.457311
10.503807
10.385453
10.410815
10.385455
10.377000
10.423495
10.267101
10.453084
10.043076
10.529167
10.520715
10.017715
10.013487
10.009261
10.059984
10.059984
10.212152
10.237514
10.491126
10.085345
10.034622
10.140295
10.326279
10.152975
10.338958
10.296690
10.491126
10.043076
10.305142
10.347412
10.229058
10.275557
10.419269
10.254420
10.216378
10.427723
10.427724
10.059983
10.474217
10.220605
10.148748
10.402362
10.148748
10.043077
10.055757
10.005034
10.009263
10.398136
10.440403
10.313598
10.453084
10.300917
10.322050
10.465766
10.410814
10.102253
10.182563
10.106480
10.106480
10.267101
10.224833
10.026170
10.026171
10.110706
10.119161
10.313596
10.313596
10.461538
10.182565
10.262875
10.448857
10.072663
10.085346
10.131841
10.169883
10.229059
10.292461
10.305143
10.241740
10.423495
10.360094
10.364319
10.406590
10.330504
10.309370
10.402360
10.157202
10.279781
10.182564
10.309370
10.292461
10.216379
10.317823
10.157203
10.017715
10.098028
10.186790
10.431950
10.499578
10.444630
10.427722
10.448856
10.474219
10.300916
10.347411
10.372773
10.296689
10.131841
10.402361
10.305142
10.436177
10.453084
10.436177
10.393907
10.355865
10.338959
10.026170
10.317823
10.364318
10.000808
10.309370
10.495352
10.389682
10.313599
10.461536
10.398134
10.461537
10.258647
10.431951
10.068437
10.347413
10.174109
10.047303
10.524941
10.021941
10.461538
10.017715
10.047304
10.415043
10.026168
10.026170
10.250194
10.300917
10.292462
10.381227
10.355865
10.427723
10.457310
10.423496
10.051530
10.186790
10.131842
10.106479
10.292462
10.250194
10.216378
10.360092
10.254421
10.216379
10.448856
10.207925
10.296689
10.245967
10.279782
10.161428
10.203698
10.169883
10.026169
10.584118
10.034621
10.220606
10.157204
10.140294
10.123388
10.127614
10.533396
10.512260
10.508035
10.453083
10.415042
10.453083
10.448858
10.499580
10.355866
10.372774
10.360093
10.313597
10.229060
10.182564
10.351639
10.402362
10.389681
10.478446
10.453085
10.482673
10.406587
10.393909
10.431949
10.364320
10.482672
10.415041
10.431949
10.457311
10.516488
10.393908
10.351640
10.503806
10.326277
10.300917
10.064210
10.440405
10.043077
10.102254
10.089572
10.059984
10.516488
10.000807
10.068439
10.005033
10.440404
10.102253
10.465765
10.013488
10.123386
10.038849
10.098026
10.034623
10.127614
10.038849
10.064210
10.351639
10.499578
10.317823
10.322050
10.355865
10.419270
10.322051
10.220606
10.275555
10.381227
10.309369
10.499580
10.381227
10.406588
10.203697
10.009261
10.237513
10.482672
10.186790
10.343184
10.415043
10.165655
10.140295
10.148748
10.326279
10.085345
10.385454
10.186790
10.245967
10.233286
10.381227
10.393907
10.410814
10.288236
10.055756
10.385454
10.229059
10.351639
10.089573
10.343186
10.203698
10.271329
10.043077
10.250194
10.106481
10.199472
10.355866
10.288236
10.440403
10.322051
10.427724
10.076892
10.178337
10.330506
10.406588
10.093800
10.191016
10.271330
10.330505
10.030396
10.076892
10.393908
10.360093
10.102253
10.068438
10.195245
10.199471
10.275556
10.330504
10.279782
10.322049
10.410815
10.351639
10.431950
10.415041
10.279782
10.355865
10.317824
10.233287
10.038849
10.224833
10.161428
10.284009
10.241740
10.250195
10.182564
10.148747
10.114933
10.110706
10.106480
10.026169
10.034622
10.114934
10.034622
10.093799
10.034622
10.377001
10.512260
10.372773
10.262874
10.461538
10.136068
10.220606
10.364320
10.465766
10.368546
10.313597
10.533395
10.203698
10.267102
10.415042
10.038850
10.140295
10.038850
10.047302
10.393908
10.245967
10.245966
10.076893
10.389680
10.038849
10.309370
10.140294
10.000807
10.005034
10.169884
10.026169
10.161429
10.343185
10.245967
10.254420
10.030396
10.419270
10.431950
10.482672
10.448857
10.140296
10.461537
10.030395
10.131840
10.064211
10.021942
10.288238
10.114932
10.465766
10.296689
10.330504
10.059983
10.106480
10.499580
10.508033
10.347412
10.368546
10.436177
10.144522
10.309370
10.360093
10.381227
10.393908
10.389681
10.021942
10.258648
10.093800
10.398134
10.017715
10.207925
10.284009
10.393908
10.474217
10.381227
10.381227
10.423495
10.465767
10.186790
10.351638
10.127612
10.005034
10.212152
10.152975
10.503806
10.393909
10.089572
10.152975
10.271330
10.423495
10.393907
10.292463
10.448858
10.406589
10.322050
10.469993
10.106481
10.030395
10.457312
10.512260
10.026169
10.486899
10.461537
10.233286
10.174109
10.233286
10.199471
10.165656
10.237514
10.140293
10.309370
10.203698
10.284007
10.279783
10.258648
10.495353
10.030396
10.131840
10.152975
10.317823
10.406588
10.300916
10.161428
10.169883
10.499580
10.355865
10.055758
10.013488
10.258647
10.444631
10.081119
10.461538
10.131840
10.410814
10.245967
10.195245
10.444631
10.009261
10.317825
10.461538
10.199471
10.254420
10.271328
10.393908
10.157203
10.271328
10.389682
10.419271
10.089573
10.381227
10.220606
10.110706
10.085346
10.000809
10.262875
10.322051
10.081119
10.114933
10.207925
10.186790
10.292463
10.051530
10.440402
10.393908
10.499580
10.419269
10.546076
10.436178
10.093800
10.444631
10.419271
10.216377
10.558757
10.499579
10.110706
10.364319
10.136067
10.081118
10.178338
10.360091
10.284010
10.059984
10.317824
10.152976
10.296690
10.009261
10.372773
10.055756
10.410816
10.072665
10.237513
10.165657
10.216379
10.191017
10.081120
10.064212
10.410816
10.377001
10.444629
10.330506
10.220606
10.355866
10.013489
10.245968
10.343184
10.533396
10.157203
10.005033
10.216378
10.237513
10.415043
10.000808
10.026169
10.436176
10.529167
10.258647
10.457311
10.326279
10.093799
10.203698
10.245966
10.237513
10.372774
10.182565
10.203698
10.140295
10.267100
10.072664
10.064211
10.055758
10.368546
10.262876
10.005034
10.508036
10.254420
10.055758
10.385455
10.436177
10.410815
10.338960
10.292462
10.347413
10.250194
10.081118
10.005033
10.377000
10.191016
10.169882
10.254420
10.271328
10.385455
10.453083
10.072664
10.072665
10.216378
10.123387
10.461538
10.047304
10.021942
10.144521
10.284009
10.229059
10.000807
10.047305
10.009261
10.098026
10.207925
10.059984
10.241740
10.305144
10.355866
10.398134
10.486899
10.322050
10.393907
10.457312
10.453084
10.140295
10.305144
10.465765
10.271328
10.550303
10.529168
10.127615
10.199471
10.241740
10.021941
10.410814
10.275555
10.148750
10.372773
10.102251
10.360093
10.030396
10.271328
10.229059
10.051529
10.161429
10.009261
10.478445
10.317824
10.440403
10.385452
10.423496
10.203699
10.030396
10.076892
10.009261
10.102253
10.406589
10.313596
10.262874
10.267100
10.334731
10.186791
10.165656
10.347411
10.381228
10.212152
10.055758
10.415042
10.326278
10.313597
10.254422
10.119160
10.207925
10.372774
10.203698
10.377001
10.474217
10.431951
10.119162
10.195245
10.119161
10.195243
10.343184
10.482673
10.203697
10.440402
10.478445
10.385456
10.114935
10.013489
10.081118
10.406589
10.398134
10.330504
10.292462
10.410815
10.254420
10.258648
10.351639
10.258647
10.161428
10.512260
10.038849
10.055757
10.305143
10.258648
10.482673
10.503808
10.178337
10.034624
10.152975
10.355866
10.474221
10.398134
10.038851
10.038850
10.131841
10.377001
10.203697
10.123388
10.102253
10.043076
10.398134
10.026169
10.558758
10.508034
10.051531
10.508034
10.144522
10.220606
10.174109
10.068438
10.191017
10.191018
10.140296
10.431950
10.038849
10.279782
10.085344
10.178335
10.157203
10.389681
10.064211
10.178336
10.098026
10.406589
10.317824
10.275556
10.085345
10.085346
10.081118
10.127615
10.081118
10.288237
10.309371
10.393908
10.245966
10.279781
10.322052
10.275555
10.347412
10.102253
10.064211
10.245966
10.144522
10.148749
10.377000
10.237513
10.271329
10.508033
10.119160
10.317823
10.055758
10.030396
10.469992
10.254420
10.064210
10.229060
10.292461
10.241739
10.216379
10.262875
10.169884
10.250195
10.169884
10.309370
10.313598
10.250195
10.229057
10.351640
10.245967
10.237513
10.191017
10.317824
10.305143
10.131841
10.419269
10.457312
10.098025
10.136069
10.089573
10.292463
10.453085
10.148748
10.284008
10.174109
10.076892
10.241740
10.448858
10.216378
10.296690
10.254421
10.220606
10.415043
10.465765
10.415042
10.474218
10.305143
10.415043
10.245968
10.059984
10.009260
10.491126
10.059983
10.427723
10.495354
10.503807
10.207925
10.410814
10.030396
10.119161
10.288236
10.110706
10.288237
10.038851
10.457313
10.034623
10.140294
10.148748
10.491127
10.503806
10.419269
10.186790
10.199471
10.355867
10.402363
10.000808
10.013488
10.059983
10.064211
10.550303
10.398134
10.191017
10.486898
10.364319
10.161429
10.148748
10.127615
10.326278
10.550303
10.406588
10.212152
10.326278
10.305143
10.051530
10.288235
10.241739
10.102253
10.393908
10.393909
10.292463
10.224832
10.102254
10.043077
10.220605
10.207924
10.237513
10.123387
10.026169
10.102253
10.119159
10.110706
10.106480
10.021941
10.330505
10.368547
10.338959
10.364320
10.047303
10.038851
10.486900
10.043076
10.377002
10.279780
10.064211
10.338960
10.038850
10.089572
10.292462
10.207924
10.064212
10.055758
10.372775
10.009262
10.047304
10.317823
10.068438
10.444631
10.469993
10.089572
10.102253
10.250196
10.398134
10.051530
10.098024
10.152975
10.191018
10.262875
10.267102
10.469992
10.410814
10.372772
10.038850
10.047303
10.098025
10.089572
10.076891
10.136069
10.377001
10.068439
10.364321
10.051530
10.393909
10.520715
10.495354
10.110707
10.601025
10.178337
10.009261
10.588345
10.554529
10.537622
10.524942
10.076892
10.393908
10.406589
10.385455
10.085344
10.377000
10.047305
10.144522
10.064211
10.381227
10.254421
10.351640
10.106479
10.203698
10.330505
10.148747
10.338957
10.258648
10.241741
10.203698
10.461537
10.038849
10.064211
10.085345
10.292461
10.237513
10.059983
10.178336
10.059984
10.119161
10.330505
10.364320
10.461538
10.021943
10.106481
10.178334
10.123387
10.271329
10.322052
10.237513
10.360094
10.364320
10.495354
10.554529
10.271328
10.317823
10.406588
10.098026
10.161428
10.174111
10.567209
10.072664
10.300916
10.072665
10.009261
10.444631
10.524941
10.140296
10.085346
10.427723
10.309370
10.131842
10.529167
10.482673
10.258647
10.186790
10.047303
10.051531
10.436176
10.381227
10.453085
10.055758
10.123387
10.262875
10.229061
10.203698
10.537622
10.474218
10.064211
10.017715
10.271328
10.258648
10.309369
10.169882
10.317823
10.144523
10.136068
10.013489
10.355866
10.123386
10.026170
10.089572
10.482673
10.423495
10.262873
10.229059
10.013488
10.005034
10.423498
10.114934
10.195245
10.237512
10.465764
10.419269
10.051530
10.199471
10.309371
10.364319
10.051530
10.127614
10.144521
10.410815
10.127615
10.186791
10.622158
10.245968
10.377001
10.195246
10.368546
10.431950
10.491125
10.495354
10.322050
10.178337
10.114934
10.524941
10.491128
10.343185
10.191017
10.161428
10.127613
10.026169
10.000808
10.431952
10.550302
10.499580
10.237514
10.203699
10.267100
10.157204
10.250194
10.288237
10.313597
10.254421
10.106481
10.440405
10.178337
10.051530
10.317823
10.258648
10.182564
10.410816
10.267102
10.355865
10.245965
10.237514
10.351640
10.233286
10.161428
10.279781
10.284007
10.444630
10.017715
10.072665
10.043076
10.372772
10.355865
10.372774
10.051531
10.207926
10.254419
10.355865
10.398134
10.491127
10.047304
10.102252
10.233287
10.271328
10.402361
10.398134
10.372773
10.431951
10.343184
10.043076
10.368546
10.469993
10.334732
10.330504
10.360093
10.178336
10.229059
10.152975
10.043076
10.224832
10.068438
10.051530
10.000809
10.000808
10.034623
10.085345
10.098026
10.148748
10.431950
10.093800
10.495354
10.508034
10.043077
10.465764
10.431950
10.431950
10.376999
10.427722
10.381227
10.300917
10.372773
10.174110
10.368545
10.275555
10.284008
10.178337
10.381228
10.402361
10.389681
10.322050
10.508033
10.499578
10.275556
10.461538
10.110706
10.313598
10.114933
10.241740
10.558756
10.267101
10.334731
10.110706
10.043077
10.059983
10.317824
10.119161
10.000807
10.000808
10.017716
10.322049
10.267101
10.102254
10.440405
10.338958
10.245965
10.338958
10.203698
10.347413
10.123388
10.098026
10.385454
10.021942
10.136068
10.043076
10.203698
10.258647
10.309370
10.199471
10.300917
10.178336
10.093800
10.389681
10.055756
10.106479
10.059983
10.072664
10.000807
10.021941
10.368546
10.305143
10.191018
10.000808
10.279782
10.220606
10.093799
10.182564
10.140295
10.182564
10.072664
10.250195
10.313597
10.207925
10.123387
10.292462
10.174110
10.482673
10.262875
10.436176
10.262875
10.347412
10.474218
10.220606
10.520714
10.089572
10.288236
10.106480
10.377002
10.330503
10.127615
10.005033
10.051531
10.005033
10.508034
10.512259
10.224833
10.351638
10.233287
10.131841
10.064210
10.237514
10.347411
10.389682
10.423495
10.461538
10.482673
10.368547
10.322050
10.191017
10.368546
10.406587
10.360092
10.431951
10.436177
10.131842
10.267100
10.271329
10.296688
10.415042
10.136067
10.169885
10.076892
10.000809
10.038850
10.110707
10.072666
10.102254
10.106480
10.051531
10.499580
10.469992
10.093800
10.017715
10.055758
10.398134
10.364320
10.372773
10.313597
10.364320
10.241739
10.262875
10.254420
10.313597
10.275555
10.275555
10.284009
10.207925
10.296690
10.199471
10.385454
10.330503
10.554531
10.123387
10.085346
10.186789
10.114934
10.009260
10.224833
10.182564
10.203697
10.224833
10.317822
10.241740
10.444631
10.224833
10.300915
10.334731
10.423495
10.398134
10.469992
10.377001
10.465764
10.474218
10.229059
10.229060
10.127615
10.136068
10.161429
10.448856
10.144522
10.127614
10.106481
10.220605
10.093798
10.338959
10.334731
10.178335
10.178336
10.250194
10.212152
10.098024
10.385453
10.203697
10.457312
10.013488
10.245966
10.191020
10.102252
10.047303
10.081118
10.406588
10.174109
10.495355
10.186790
10.043077
10.064211
10.207925
10.309370
10.119160
10.131841
10.216379
10.212152
10.059983
10.457311
10.431951
10.207925
10.119161
10.207925
10.093801
10.152976
10.119160
10.245966
10.233285
10.300918
10.317823
10.461539
10.055757
10.191017
10.288236
10.229060
10.216378
10.224833
10.038851
10.114933
10.021941
10.136068
10.503808
10.520714
10.131842
10.178336
10.216379
10.068439
10.085344
10.174110
10.140295
10.064210
10.423495
10.423496
10.300917
10.229058
10.406588
10.351639
10.338958
10.461537
10.372774
10.474217
10.275555
10.474219
10.372774
10.043077
10.474219
10.474217
10.055758
10.017715
10.072665
10.038850
10.457312
10.009260
10.529167
10.334733
10.410815
10.017715
10.140295
10.076892
10.085345
10.102253
10.026170
10.089573
10.085344
10.461537
10.051530
10.089573
10.161430
10.195244
10.089572
10.059984
10.055758
10.005034
10.368546
10.393908
10.322052
10.360093
10.013489
10.482672
10.398134
10.368546
10.440403
10.017715
10.469991
10.330504
10.415042
10.402362
10.389680
10.000809
10.338959
10.457311
10.288236
10.296689
10.186790
10.284007
10.347412
10.381227
10.288237
10.305143
10.406589
10.296689
10.021942
10.034623
10.051531
10.140295
10.136067
10.157202
10.191018
10.157202
10.119160
10.102253
10.068438
10.440403
10.444632
10.093798
10.106478
10.482672
10.043077
10.415042
10.486899
10.398134
10.076892
10.499580
10.064211
10.030395
10.136067
10.081118
10.043077
10.017715
10.009260
10.448858
10.448857
10.444632
10.051530
10.000807
10.444630
10.436176
10.393907
10.503807
10.461538
10.419269
10.364319
10.469993
10.017715
10.072664
10.152977
10.186790
10.131843
10.169884
10.491126
10.495354
10.398134
10.089572
10.068439
10.038849
10.474219
10.330504
10.436177
10.491127
10.423496
10.351639
10.436176
10.469991
10.262874
10.495354
10.415042
10.343184
10.334730
10.385454
10.351640
10.377001
10.423495
10.444632
10.436176
10.444630
10.317825
10.114934
10.444629
10.026168
10.461538
10.444630
10.491126
10.508033
10.410814
10.389682
10.499579
10.546075
10.406587
10.064211
10.152975
10.136067
10.199471
10.076892
10.131841
10.030397
10.106481
10.085344
10.144522
10.503807
10.000807
10.089571
10.520714
10.021943
10.005033
10.076893
10.681335
10.216379
10.347411
10.364319
10.229059
10.364319
10.377001
10.385454
10.119160
10.182565
10.250194
10.368546
10.030396
10.165656
10.495354
10.245968
10.140295
10.068438
10.123387
10.499578
10.491125
10.000807
10.207924
10.317824
10.554529
10.313597
10.271329
10.305143
10.220606
10.021942
10.427722
10.317824
10.165655
10.009260
10.482673
10.195245
10.262875
10.436176
10.271328
10.005034
10.245966
10.334730
10.127614
10.085346
10.055757
10.381228
10.415041
10.051531
10.423496
10.123386
10.250196
10.406589
10.178336
10.317824
10.351639
10.064211
10.089572
10.288236
10.482672
10.448857
10.005035
10.195243
10.216378
10.300917
10.529168
10.093800
10.444631
10.288237
10.410815
10.592571
10.393909
10.520715
10.436176
10.322051
10.613707
10.402362
10.279782
10.199472
10.009261
10.152976
10.072665
10.385454
10.402362
10.448857
10.009263
10.567208
10.140296
10.469992
10.520714
10.376999
10.330503
10.216378
10.119160
10.000807
10.423496
10.136067
10.072664
10.389680
10.368546
10.043077
10.043076
10.347412
10.360091
10.140295
10.098026
10.224833
10.229058
10.267101
10.330505
10.478447
10.237513
10.098026
10.254419
10.351639
10.389681
10.486899
10.393907
10.013488
10.034623
10.144523
10.296688
10.402362
10.051530
10.402361
10.026169
10.085346
10.038850
10.212152
10.461537
10.402362
10.038850
10.448857
10.047303
10.474218
10.389681
10.262875
10.140295
10.440403
10.034621
10.038850
10.495353
10.478445
10.309369
10.000809
10.161428
10.292463
10.047302
10.360092
10.030396
10.123387
10.250195
10.368546
10.098026
10.081119
10.300916
10.165656
10.377001
10.106480
10.216379
10.326277
10.169884
10.415041
10.372773
10.512261
10.279781
10.005035
10.157203
10.110707
10.461537
10.005033
10.068438
10.351640
10.300918
10.212152
10.068438
10.453084
10.436177
10.123386
10.178336
10.326277
10.334731
10.436176
10.322050
10.174110
10.148750
10.136066
10.415043
10.093799
10.093799
10.360092
10.212152
10.385454
10.178336
10.389681
10.005034
10.465765
10.326277
10.102253
10.114935
10.338958
10.313597
10.245966
10.364320
10.364320
10.059984
10.524940
10.457312
10.021942
10.588345
10.423495
10.199472
10.288236
10.537621
10.288236
10.448856
10.389680
10.322051
10.212152
10.381227
10.546076
10.512260
10.495353
10.144523
10.064211
10.055758
10.123386
10.326277
10.220606
10.068438
10.406589
10.034621
10.055758
10.220605
10.093799
10.292461
10.212152
10.254421
10.207925
10.292462
10.106480
10.165656
10.296690
10.119160
10.305142
10.127613
10.072665
10.300917
10.381228
10.322050
10.516487
10.351638
10.174110
10.436176
10.089574
10.038851
10.000808
10.114932
10.013488
10.030396
10.085345
10.372773
10.068438
10.292464
10.064211
10.131841
10.364320
10.161429
10.267101
10.038850
10.034622
10.106480
10.191018
10.267101
10.034622
10.389679
10.482673
10.051530
10.038849
10.423496
10.469992
10.355865
10.385453
10.444631
10.068439
10.296689
10.347413
10.465765
10.254420
10.169883
10.013488
10.017715
10.203698
10.254419
10.250195
10.326279
10.241740
10.224832
10.262874
10.406589
10.377001
10.034623
10.131842
10.110706
10.254421
10.233286
10.453085
10.347412
10.305142
10.288235
10.368546
10.102253
10.119161
10.520715
10.377001
10.292463
10.317825
10.093799
10.064211
10.038850
10.351640
10.098026
10.250193
10.212152
10.364319
10.140295
10.245966
10.393908
10.546075
10.372773
10.229060
10.313598
10.461537
10.089572
10.338959
10.406588
10.288236
10.499578
10.178337
10.562983
10.043077
10.148748
10.165655
10.267100
10.051532
10.296690
10.207924
10.059984
10.119161
10.436177
10.174111
10.009262
10.182563
10.106479
10.431952
10.093799
10.140294
10.068438
10.055757
10.165656
10.262876
10.368546
10.009262
10.017715
10.076891
10.059984
10.229058
10.267100
10.389681
10.292462
10.326277
10.495354
10.000809
10.085345
10.005033
10.013488
10.136068
10.005034
10.148748
10.161429
10.098026
10.317825
10.300917
10.305142
10.182565
10.275555
10.546075
10.343184
10.102253
10.372773
10.102253
10.038851
10.347413
10.313597
10.296689
10.486898
10.169883
10.402362
10.431949
10.427723
10.381227
10.157203
10.262874
10.127614
10.186790
10.199471
10.440402
10.465764
10.377001
10.453085
10.300918
10.254420
10.444632
10.364321
10.453083
10.034621
10.292463
10.245967
10.334731
10.292462
10.021942
10.038850
10.055757
10.089572
10.157202
10.186790
10.377001
10.491127
10.305143
10.508034
10.140295
10.596799
10.043077
10.030396
10.385454
10.229059
10.491127
10.368546
10.207925
10.351640
10.009261
10.148748
10.241739
10.322051
10.338959
10.377000
10.567210
10.461539
10.089573
10.098026
10.465765
10.127614
10.368546
10.148747
10.157201
10.284010
10.267101
10.444631
10.203699
10.461539
10.486899
10.393908
10.406589
10.385452
10.377001
10.068438
10.186790
10.114933
10.148749
10.102253
10.444632
10.355865
10.364320
10.140294
10.114934
10.262874
10.174109
10.106479
10.237513
10.165655
10.161429
10.300917
10.343184
10.360092
10.309371
10.093800
10.207925
10.431950
10.360092
10.372776
10.444632
10.068439
10.043077
10.393908
10.047304
10.169884
10.284009
10.478446
10.072666
10.262876
10.524941
10.136068
10.114934
10.279782
10.131842
10.508036
10.237513
10.398135
10.013488
10.355866
10.250195
10.017716
10.376999
10.000809
10.317825
10.140294
10.288237
10.174109
10.068439
10.267101
10.347411
10.279781
10.068438
10.237514
10.330504
10.423494
10.402361
10.486899
10.182564
10.178337
10.296692
10.499580
10.508034
10.114933
10.207925
10.233287
10.216378
10.271327
10.334731
10.005034
10.144521
10.191017
10.169883
10.237513
10.191017
10.212152
10.059984
10.398134
10.267102
10.360093
10.372774
10.220605
10.102252
10.102253
10.068439
10.005033
10.474216
10.461539
10.169882
10.182564
10.516487
10.322050
10.245966
10.254421
10.347412
10.393909
10.279782
10.258647
10.220606
10.419270
10.267102
10.317824
10.288236
10.419269
10.279781
10.360092
10.334730
10.410815
10.338959
10.300916
10.330504
10.444631
10.465765
10.436176
10.013489
10.059982
10.431950
10.026168
10.005036
10.444630
10.043077
10.482672
10.482673
10.440403
10.089572
10.478445
10.457310
10.026169
10.013490
10.393908
10.478446
10.503807
10.508034
10.059983
10.178337
10.055757
10.520716
10.469992
10.444631
10.516488
10.021942
10.448857
10.415044
10.005034
10.503807
10.406589
10.448857
10.389682
10.453083
10.368546
10.461540
10.114932
10.165656
10.393909
10.461536
10.368547
10.419269
10.199471
10.267101
10.203699
10.043077
10.076891
10.474218
10.491125
10.043076
10.440404
10.444631
10.423496
10.322051
10.469993
10.296689
10.102252
10.034624
10.313598
10.334731
10.393909
10.322051
10.220607
10.165656
10.512260
10.119160
10.114934
10.499579
10.444630
10.393908
10.533395
10.368546
10.372774
10.415043
10.123387
10.292462
10.347411
10.305142
10.313597
10.347412
10.009262
10.415042
10.305143
10.355866
10.381227
10.431951
10.030396
10.326277
10.419269
10.457313
10.377000
10.478445
10.398135
10.436178
10.368546
10.326278
10.495352
10.343186
10.423495
10.482672
10.081118
10.068438
10.051532
10.220605
10.237514
10.465765
10.110706
10.021942
10.524941
10.098026
10.474217
10.453084
10.203697
10.072664
10.284009
10.178336
10.017716
10.533396
10.393907
10.351640
10.030395
10.410815
10.419270
10.305143
10.136067
10.182565
10.165657
10.195245
10.245968
10.309371
10.250194
10.457312
10.372773
10.279782
10.309370
10.313596
10.292462
10.161428
10.351639
10.381227
10.005034
10.402362
10.072664
10.144523
10.355865
10.005035
10.043077
10.406590
10.448856
10.000807
10.110707
10.275556
10.224833
10.351639
10.478446
10.081118
10.486900
10.368546
10.377001
10.355866
10.410814
10.444630
10.245968
10.148748
10.152975
10.220607
10.330504
10.182563
10.338959
10.021942
10.051531
10.038850
10.123386
10.085344
10.195244
10.195244
10.355865
10.385454
10.322052
10.292462
10.436176
10.127615
10.284009
10.377001
10.322052
10.322051
10.313596
10.237514
10.415042
10.009261
10.271328
10.000807
10.423495
10.250194
10.254421
10.224833
10.186790
10.076891
10.267101
10.030396
10.224833
10.174109
10.305143
10.059984
10.275556
10.152976
10.245965
10.284009
10.216378
10.284009
10.220605
10.465764
10.330503
10.305142
10.398135
10.237514
10.229058
10.005034
10.292462
10.393908
10.444629
10.017715
10.262875
10.343185
10.127614
10.089572
10.203700
10.161430
10.055758
10.377000
10.465765
10.034624
10.372773
10.368546
10.385453
10.508034
10.182564
10.038849
10.220606
10.110707
10.537622
10.279781
10.469992
10.626386
10.410815
10.267100
10.537621
10.368546
10.347413
10.296690
10.195243
10.343184
10.267102
10.224833
10.165656
10.178337
10.157201
10.195244
10.326277
10.377000
10.034623
10.440403
10.106481
10.343185
10.524941
10.068438
10.186790
10.406589
10.093800
10.182564
10.305143
10.444632
10.385454
10.081120
10.343184
10.398135
10.169884
10.021942
10.368546
10.330505
10.038850
10.313598
10.415043
10.203698
10.377001
10.245968
10.110707
10.250195
10.330503
10.237514
10.195244
10.469992
10.241738
10.351640
10.453085
10.216379
10.313596
10.419268
10.254418
10.165656
10.292462
10.288236
10.351639
10.034623
10.055758
10.017715
10.152976
10.191017
10.089572
10.436176
10.343184
10.444630
10.448857
10.448856
10.427723
10.516486
10.123387
10.258648
10.457311
10.068439
10.144522
10.203697
10.203697
10.271329
10.064212
10.038850
10.626387
10.444630
10.148748
10.415042
10.098026
10.182565
10.169884
10.068438
10.114934
10.461538
10.199471
10.457312
10.381227
10.267102
10.271328
10.262874
10.347413
10.376999
10.368546
10.313597
10.140295
10.229059
10.030396
10.212153
10.296688
10.182566
10.427725
10.030395
10.305143
10.131842
10.275555
10.258647
10.533394
10.026169
10.334731
10.182563
10.212151
10.055757
10.478445
10.203697
10.495354
10.127614
10.292463
10.017714
10.410814
10.195244
10.165657
10.393908
10.224832
10.262875
10.034621
10.199472
10.431951
10.245967
10.334732
10.436177
10.275555
10.203699
10.271327
10.237513
10.199471
10.093800
10.372772
10.258648
10.034621
10.140293
10.377001
10.017715
10.165657
10.212152
10.364320
10.309371
10.072664
10.406589
10.524940
10.013489
10.114934
10.338958
10.174110
10.093799
10.114933
10.043077
10.495353
10.440404
10.478446
10.317823
10.406588
10.444630
10.491127
10.423496
10.043077
10.233286
10.131840
10.047304
10.469991
10.017715
10.389682
10.275556
10.258649
10.338960
10.089573
10.258649
10.351639
10.186790
10.317824
10.119161
10.453083
10.486898
10.372773
10.381227
10.334730
10.174109
10.157203
10.368546
10.212152
10.186790
10.220606
10.186790
10.233286
10.292461
10.360093
10.355865
10.021941
10.131842
10.051531
10.144521
10.081119
10.427724
10.093798
10.038850
10.398133
10.000808
10.410814
10.469992
10.393908
10.313597
10.389680
10.347412
10.486899
10.368547
10.355865
10.461538
10.495354
10.453085
10.360092
10.034624
10.474218
10.309371
10.000808
10.440403
10.415043
10.043077
10.279782
10.102252
10.461536
10.338958
10.415043
10.423496
10.448855
10.009261
10.098027
10.085344
10.174110
10.271328
10.508033
10.516489
10.047303
10.305143
10.389681
10.393909
10.309371
10.533395
10.427724
10.216380
10.009262
10.482673
10.098025
10.030396
10.461538
10.313596
10.300917
10.292462
10.186790
10.110706
10.174109
10.288237
10.309370
10.267102
10.136067
10.123387
10.000807
10.385453
10.347413
10.059984
10.059984
10.423495
10.017715
10.503805
10.241738
10.220607
10.093800
10.330505
10.161427
10.161430
10.419269
10.482672
10.453083
10.461538
10.427723
10.005034
10.351639
10.499578
10.503807
10.461536
10.448858
10.423496
10.482673
10.009260
10.419269
10.465765
10.102253
10.469992
10.051529
10.038849
10.486899
10.030396
10.021943
10.051530
10.051530
10.072665
10.174109
10.051530
10.186790
10.072665
10.241740
10.258647
10.140295
10.136068
10.503807
10.191017
10.448858
10.524940
10.055756
10.609479
10.368546
10.119161
10.021943
10.592571
10.343185
10.364321
10.364320
10.355865
10.377001
10.237514
10.064210
10.030396
10.351638
10.203699
10.448857
10.207925
10.241740
10.059984
10.123387
10.279781
10.300915
10.431950
10.491126
10.377001
10.398134
10.402361
10.237513
10.305143
10.338957
10.431951
10.245967
10.013488
10.377000
10.157203
10.093799
10.051531
10.038850
10.059984
10.322051
10.271327
10.085344
10.381227
10.047303
10.144522
10.415042
10.241740
10.393908
10.364321
10.119160
10.199471
10.241739
10.051530
10.136068
10.000808
10.271328
10.229059
10.017715
10.085346
10.279781
10.013488
10.174110
10.491127
10.537622
10.144522
10.199472
10.013488
10.343185
10.034623
10.258648
10.072665
10.313599
10.123386
10.351640
10.254421
10.178335
10.148749
10.233286
10.051530
10.026170
10.486899
10.440403
10.191018
10.127615
10.402362
10.398134
10.250193
10.368546
10.431950
10.351638
10.330505
10.368546
10.119161
10.482672
10.212152
10.267102
10.381227
10.068439
10.402361
10.389681
10.338959
10.026170
10.009261
10.148748
10.076892
10.038851
10.148749
10.207926
10.237513
10.372772
10.377000
10.233286
10.279781
10.254419
10.343184
10.271328
10.465765
10.512260
10.059984
10.030395
10.059984
10.385454
10.393909
10.448857
10.233287
10.161430
10.144522
10.110706
10.093801
10.068438
10.364320
10.005035
10.465764
10.309369
10.322051
10.199471
10.288235
10.258646
10.305143
10.309370
10.241741
10.377001
10.288235
10.355866
10.262876
10.055756
10.224833
10.199472
10.220606
10.059985
10.300917
10.098026
10.516488
10.055758
10.330504
10.055758
10.423496
10.322049
10.431951
10.322052
10.558756
10.330504
10.482672
10.406590
10.136066
10.144522
10.322052
10.182565
10.258647
10.216378
10.279783
10.245967
10.076891
10.085344
10.237513
10.127614
10.098027
10.055758
10.486900
10.013489
10.203698
10.114933
10.076892
10.377001
10.152975
10.499580
10.068437
10.119160
10.453085
10.216379
10.355866
10.457312
10.207925
10.423495
10.546075
10.415042
10.360092
10.161429
10.127615
10.081119
10.216379
10.182563
10.186791
10.508035
10.338957
10.533394
10.030396
10.457312
10.423496
10.491125
10.089571
10.309370
10.059985
10.148749
10.068439
10.072664
10.212153
10.229059
10.186790
10.000807
10.081118
10.237513
10.415043
10.436175
10.013488
10.326277
10.161428
10.330504
10.305143
10.288237
10.512261
10.491127
10.465765
10.431951
10.114932
10.089573
10.398134
10.469991
10.495355
10.178337
10.026170
10.114935
10.098027
10.030396
10.216379
10.102253
10.233286
10.144522
10.296690
10.393908
10.410815
10.381228
10.021942
10.152975
10.165658
10.237513
10.169883
10.284010
10.389681
10.436176
10.030396
10.520714
10.524942
10.224833
10.334731
10.300916
10.152975
10.140295
10.465765
10.436176
10.372773
10.453086
10.427723
10.393908
10.199471
10.368546
10.313597
10.317824
10.393909
10.444631
10.406590
10.326278
10.203698
10.305143
10.406588
10.009262
10.110708
10.516486
10.051531
10.030397
10.013489
10.410814
10.038850
10.000808
10.351639
10.330504
10.275557
10.305143
10.300917
10.199471
10.119160
10.178335
10.250193
10.317825
10.436176
10.546075
10.372773
10.017715
10.453085
10.093799
10.178337
10.436178
10.288237
10.203698
10.000807
10.123386
10.499581
10.119161
10.123387
10.081118
10.216379
10.360093
10.368546
10.241739
10.448858
10.157203
10.343184
10.440402
10.546076
10.300916
10.448857
10.224832
10.186790
10.047303
10.343185
10.292463
10.322050
10.406590
10.005034
10.000808
10.284008
10.241739
10.381227
10.423496
10.254420
10.292462
10.229059
10.144521
10.199471
10.182564
10.241739
10.385454
10.064212
10.047301
10.064210
10.081120
10.461539
10.152977
10.267100
10.152976
10.059985
10.279780
10.377001
10.351638
10.461537
10.347412
10.169883
10.136068
10.021943
10.267100
10.279781
10.351639
10.499579
10.448856
10.423497
10.448856
10.174109
10.334731
10.220606
10.152977
10.254421
10.309369
10.326279
10.127613
10.313597
10.013489
10.148748
10.368546
10.347412
10.347413
10.292462
10.279782
10.186790
10.169883
10.038850
10.453085
10.499578
10.465765
10.330505
10.410815
10.157202
10.317824
10.300917
10.148747
10.389682
10.377000
10.017715
10.085344
10.064210
10.423495
10.478445
10.009261
10.393908
10.465765
10.398134
10.338958
10.288236
10.436176
10.317822
10.309369
10.275555
10.237514
10.288235
10.486898
10.427723
10.178337
10.157203
10.102254
10.174109
10.068438
10.068439
10.085345
10.064212
10.360092
10.144522
10.419271
10.453085
10.419271
10.448858
10.436176
10.279781
10.402362
10.237513
10.330505
10.410816
10.271327
10.317823
10.448856
10.258649
10.377000
10.005033
10.254420
10.478447
10.161429
10.347412
10.537622
10.136068
10.393907
10.562984
10.089572
10.152975
10.093801
10.406589
10.081120
10.182564
10.457310
10.241741
10.376999
10.005033
10.453085
10.127615
10.030395
10.385454
10.030396
10.322050
10.212151
10.258649
10.017715
10.059984
10.195245
10.089573
10.174110
10.174111
10.347412
10.317824
10.152974
10.165656
10.199471
10.322049
10.436176
10.262875
10.051531
10.334731
10.474217
10.377000
10.410815
10.021941
10.482672
10.453083
10.136068
10.457311
10.377000
10.622160
10.034623
10.224832
10.322051
10.355866
10.207925
10.207925
10.229059
10.482673
10.275555
10.089572
10.431951
10.482673
10.377000
10.381227
10.106480
10.026169
10.313597
10.068438
10.174109
10.279781
10.317823
10.423494
10.030396
10.419270
10.085345
10.351639
10.343184
10.076893
10.482672
10.427725
10.148748
10.195245
10.165657
10.047304
10.017715
10.419270
10.389680
10.419270
10.174110
10.262874
10.444630
10.300915
10.212152
10.377001
10.119161
10.203698
10.288237
10.229059
10.338958
10.351639
10.415043
10.089572
10.267101
10.136068
10.182563
10.444631
10.224833
10.326278
10.313599
10.038850
10.292462
10.140293
10.000809
10.136068
10.233287
10.381227
10.026169
10.068439
10.292462
10.292461
10.309370
10.161428
10.076892
10.026169
10.419270
10.216378
10.241739
10.182565
10.216380
10.072665
10.279782
10.169882
10.296690
10.322051
10.385455
10.427723
10.495353
10.005035
10.123387
10.241739
10.275555
10.444631
10.431950
10.554530
10.051531
10.482672
10.229058
10.127613
10.102254
10.216378
10.237514
10.220605
10.330505
10.241739
10.241741
10.334732
10.284009
10.237513
10.191016
10.322052
10.313598
10.241739
10.292462
0.000000
0.000000
0.000000
0.000000
0.000000
0.000000
0.000000
0.000000
0.000000
0.000000
0.000000
0.000000
0.000000
0.000000
0.000000
0.000000
0.000000
0.000000
0.000000
0.000000
0.000000
0.000000
0.000000
0.000000
0.000000
0.000000
0.000000
0.000000
0.000000
0.000000
