0.800000
0.800000
0.800000
0.800000
0.800000
0.800000
0.800000
0.800000
0.800000
0.800000
0.800000
0.800000
0.800000
0.800000
0.800000
0.800000
0.800000
0.800000
0.800000
0.800000
0.800000
0.800000
0.800000
0.800000
0.800000
0.800000
0.800000
0.800000
0.800000
0.800000
0.800000
0.734093
0.729084
0.724042
0.719010
0.713798
0.713798
0.708559
0.703554
0.698357
0.693124
0.687925
0.687925
0.682756
0.677612
0.672393
0.667235
0.667235
0.662080
0.656942
0.651823
0.651823
0.646679
0.641436
0.636222
0.636222
0.631133
0.626054
0.621003
0.621003
0.615916
0.610882
0.610882
0.605848
0.600805
0.600805
0.595773
0.590593
0.590593
0.546647
0.546647
0.526154
0.516971
0.516971
0.512576
0.512576
0.509830
0.509830
0.508408
0.508408
0.507659
0.507040
0.507040
0.506320
0.506320
0.505945
0.505945
0.505945
0.505812
0.505812
0.505812
0.505812
0.505812
0.505812
0.505812
0.505812
0.505812
0.505812
0.505812
0.505812
0.505812
0.505812
0.505812
0.505812
0.505812
0.505812
0.505812
0.505812
0.505812
0.505812
0.505812
0.505812
0.505812
0.505812
0.505812
0.505812
0.505812
0.505812
0.505812
0.505812
0.505812
0.505812
0.505812
0.505812
0.505812
0.505812
0.505812
0.505812
0.505812
0.505812
0.505812
0.505812
0.505812
0.505812
0.505812
0.505812
0.505812
0.505812
0.505812
0.505812
0.505812
0.505812
0.505812
0.505812
0.505812
0.505812
0.505812
0.505812
0.505812
0.505812
0.505812
0.505812
0.505812
0.505812
0.505812
0.529231
0.529231
0.523224
0.523224
0.523224
0.518008
0.518008
0.515529
0.515529
0.513256
0.513256
0.513256
0.513256
0.513256
0.513256
0.513256
0.513256
0.513256
0.513256
0.513256
0.513256
0.513256
0.513256
0.513256
0.513256
0.513256
0.513256
0.513256
0.513256
0.513256
0.513256
0.513256
0.513256
0.513256
0.513256
0.513256
0.513256
0.513256
0.513256
0.513256
0.513256
0.513256
0.513256
0.513256
0.513256
0.513256
0.513256
0.513256
0.513256
0.513256
0.513256
0.513256
0.513256
0.513256
0.513256
0.513256
0.513256
0.513256
0.513256
0.513256
0.513256
0.513256
0.513256
0.513256
0.513256
0.513256
0.513256
0.513256
0.513256
0.513256
0.513256
0.513256
0.522503
0.522503
0.522503
0.522503
0.522503
0.522503
0.522503
0.522503
0.522503
0.522503
0.522503
0.522503
0.522503
0.522503
0.522503
0.522503
0.522503
0.522503
0.522503
0.522503
0.522503
0.522503
0.522503
0.522503
0.522503
0.522503
0.522503
0.522503
0.522503
0.522503
0.522503
0.522503
0.522503
0.522503
0.522503
0.522503
0.522503
0.522503
0.522503
0.522503
0.522503
0.522503
0.522503
0.522503
0.522503
0.522503
0.522503
0.522503
0.522503
0.522503
0.522503
0.522503
0.522503
0.522503
0.522503
0.522503
0.522503
0.522503
0.522503
0.522503
0.522503
0.522503
0.522503
0.522503
0.522503
0.522503
0.522503
0.522503
0.522503
0.522503
0.522503
0.522503
0.522503
0.508339
0.508339
0.508197
0.508197
0.507600
0.507600
0.507600
0.507600
0.507600
0.507600
0.507600
0.507600
0.507600
0.507600
0.507600
0.507600
0.507600
0.507600
0.507600
0.507600
0.507600
0.507600
0.507600
0.507600
0.507600
0.507600
0.507600
0.507600
0.507600
0.507600
0.507600
0.507600
0.507600
0.507600
0.507600
0.507600
0.507600
0.507600
0.507600
0.507600
0.507600
0.507600
0.507600
0.507600
0.507600
0.507600
0.507600
0.507600
0.507600
0.507600
0.507600
0.507600
0.507600
0.507600
0.507600
0.507600
0.507600
0.507600
0.507600
0.507600
0.507600
0.507600
0.507600
0.507600
0.507600
0.507600
0.507600
0.507600
0.507600
0.507600
0.507600
0.507600
0.507600
0.507600
0.507600
0.507600
0.507600
0.507600
0.507600
0.507600
0.507600
0.507600
0.507600
0.507600
0.507600
0.507600
0.507600
0.507600
0.507600
0.507600
0.507600
0.507600
0.507600
0.507600
0.507600
0.507600
0.507600
0.507600
0.507600
0.507600
0.505277
0.505277
0.500000
0.500000
0.500000
0.500000
0.500000
0.500000
0.500000
0.500000
0.500000
0.500000
0.500000
0.500000
0.500000
0.500000
0.500000
0.500000
0.500000
0.500000
0.500000
0.500000
0.500000
0.500000
0.500000
0.500000
0.500000
0.500000
0.500000
0.500000
0.500000
0.500000
0.500000
0.500000
0.500000
0.500000
0.500000
0.500000
0.500000
0.500000
0.500000
0.500000
0.500000
0.500000
0.514475
0.513110
0.513110
0.512136
0.512136
0.511472
0.511472
0.510656
0.510656
0.510505
0.510505
0.510166
0.510166
0.510166
0.510166
0.510166
0.510166
0.510166
0.510166
0.510166
0.510166
0.510166
0.510166
0.510166
0.510166
0.510166
0.510166
0.510166
0.510166
0.510166
0.510166
0.510166
0.510166
0.510166
0.510166
0.510166
0.510166
0.510166
0.510166
0.510166
0.510166
0.510166
0.510166
0.510166
0.510166
0.510166
0.510166
0.510166
0.510166
0.510166
0.510166
0.510166
0.510166
0.510166
0.510166
0.510166
0.510166
0.510166
0.510166
0.510166
0.510166
0.510166
0.510166
0.510166
0.510166
0.510166
0.510166
0.510166
0.510166
0.510166
0.510166
0.510166
0.510166
0.510166
0.510166
0.510166
0.510166
0.510166
0.510166
0.510166
0.510166
0.510166
0.510166
0.510166
0.510166
0.510166
0.510166
0.510166
0.510166
0.510166
0.510166
0.510166
0.510166
0.510166
0.510166
0.510166
0.510166
0.510166
0.510166
0.510166
0.510166
0.520323
0.520323
0.530691
0.530691
0.540904
0.540904
0.540904
0.551090
0.551090
0.561311
0.561311
0.571498
0.571498
0.581731
0.581731
0.592023
0.592023
0.602384
0.602384
0.612740
0.612740
0.622761
0.622761
0.632893
0.632893
0.642945
0.642945
0.653089
0.663170
0.663170
0.673598
0.673598
0.729503
0.724304
0.724304
0.719303
0.719303
0.714098
0.708863
0.708863
0.703666
0.698509
0.698509
0.693314
0.688141
0.688141
0.682897
0.677713
0.677713
0.672535
0.667304
0.667304
0.662057
0.607071
0.607071
0.575125
0.555396
0.543930
0.543930
0.536428
0.529554
0.529554
0.524514
0.520548
0.520548
0.519285
0.519285
0.519285
0.519285
0.519285
0.519285
0.519285
0.519285
0.519285
0.519285
0.519285
0.519285
0.519285
0.519285
0.519285
0.519285
0.519285
0.519285
0.519285
0.519285
0.519285
0.519285
0.519285
0.519285
0.519285
0.519285
0.519285
0.519285
0.519285
0.519285
0.519285
0.519285
0.519285
0.519285
0.519285
0.519285
0.519285
0.519285
0.519285
0.519285
0.519285
0.519285
0.519285
0.519285
0.519285
0.519285
0.519285
0.519285
0.519285
0.519285
0.519285
0.519285
0.519285
0.519285
0.519285
0.523373
0.523373
0.523373
0.523373
0.523373
0.523373
0.523373
0.523373
0.523373
0.523373
0.523373
0.523373
0.523373
0.523373
0.523373
0.523373
0.523373
0.523373
0.523373
0.523373
0.523373
0.523373
0.523373
0.523373
0.523373
0.523373
0.523373
0.523373
0.523373
0.523373
0.523373
0.523373
0.523373
0.523373
0.523373
0.523373
0.523373
0.523373
0.523373
0.523373
0.523373
0.523373
0.523373
0.523373
0.523373
0.523373
0.523373
0.523373
0.523373
0.523373
0.523373
0.523373
0.523373
0.523373
0.523373
0.523373
0.523373
0.523373
0.533835
0.533835
0.544262
0.544262
0.631936
0.631936
0.626687
0.626687
0.621435
0.621435
0.616204
0.610980
0.610980
0.605768
0.605768
0.600527
0.600527
0.595522
0.595522
0.590312
0.585079
0.585079
0.580028
0.580028
0.574793
0.569767
0.569767
0.564748
0.564748
0.559505
0.554489
0.554489
0.549478
0.549478
0.544453
0.539427
0.539427
0.534391
0.534391
0.529304
0.524278
0.524278
0.519184
0.519184
0.514148
0.509027
0.509027
0.509027
0.509027
0.509027
0.509027
0.509027
0.509027
0.509027
0.509027
0.509027
0.509027
0.509027
0.509027
0.509027
0.509027
0.509027
0.509027
0.509027
0.509027
0.509027
0.509027
0.509027
0.509027
0.509027
0.509027
0.509027
0.509027
0.509027
0.509027
0.509027
0.509027
0.509027
0.509027
0.509027
0.509027
0.509027
0.509027
0.509027
0.509027
0.509027
0.509027
0.509027
0.509027
0.509027
0.509027
0.509027
0.509027
0.509027
0.509027
0.509027
0.509027
0.509027
0.509027
0.509027
0.509027
0.509027
0.509027
0.509027
0.509027
0.509027
0.509027
0.511479
0.511479
0.511479
0.511479
0.511479
0.511479
0.511479
0.511479
0.511479
0.511479
0.511479
0.511479
0.511479
0.511479
0.511479
0.511479
0.511479
0.511479
0.511479
0.511479
0.511479
0.511479
0.511479
0.511479
0.511479
0.511479
0.511479
0.511479
0.511479
0.511479
0.511479
0.511479
0.511479
0.511479
0.511479
0.511479
0.511479
0.511479
0.511479
0.511479
0.511479
0.511479
0.511479
0.511479
0.511479
0.511479
0.511479
0.511479
0.511479
0.511479
0.511479
0.511479
0.511479
0.511479
0.511479
0.511479
0.511479
0.511479
0.511479
0.511479
0.511479
0.511479
0.511479
0.511479
0.511479
0.511479
0.511479
0.505423
0.505423
0.505423
0.505423
0.505423
0.505423
0.505423
0.505423
0.505423
0.505423
0.505423
0.505423
0.505423
0.505423
0.505423
0.505423
0.505423
0.505423
0.505423
0.505423
0.505423
0.505423
0.505423
0.505423
0.505423
0.505423
0.505423
0.505423
0.505423
0.505423
0.505423
0.505423
0.505423
0.505423
0.505423
0.505423
0.505423
0.505423
0.505423
0.505423
0.505423
0.505423
0.505423
0.505423
0.505423
0.505423
0.505423
0.505423
0.505423
0.505423
0.505423
0.505423
0.505423
0.505423
0.505423
0.505423
0.505423
0.505423
0.505423
0.505423
0.505423
0.505423
0.505423
0.505423
0.505423
0.505423
0.505423
0.505423
0.505423
0.515855
0.515855
0.526206
0.526206
0.536537
0.536537
0.546905
0.546905
0.546905
0.557025
0.557025
0.567507
0.567507
0.577719
0.577719
0.587986
0.587986
0.598368
0.598368
0.608436
0.608436
0.618838
0.618838
0.629228
0.639567
0.639567
0.649593
0.649593
0.659603
0.659603
0.669751
0.679828
0.679828
0.689867
0.689867
0.700016
0.800000
0.800000
0.800000
0.800000
0.800000
0.800000
0.800000
0.800000
0.800000
0.800000
0.800000
0.800000
0.800000
0.800000
0.800000
0.800000
0.800000
0.800000
0.800000
0.800000
0.800000
0.800000
0.800000
0.800000
0.800000
0.800000
0.800000
0.800000
0.800000
0.800000
0.800000
0.800000
0.800000
0.800000
0.800000
0.800000
0.800000
0.800000
0.728411
0.723256
0.723256
0.718135
0.712946
0.707802
0.702624
0.697493
0.697493
0.692465
0.687353
0.682253
0.677143
0.677143
0.672113
0.666962
0.661913
0.656655
0.656655
0.651627
0.646462
0.641434
0.636222
0.636222
0.631061
0.625845
0.625845
0.620684
0.615405
0.610239
0.610239
0.604998
0.599795
0.599795
0.594727
0.589655
0.589655
0.584494
0.579402
0.579402
0.574273
0.574273
0.569165
0.564025
0.564025
0.558902
0.558902
0.553863
0.548821
0.548821
0.521573
0.521573
0.512234
0.512234
0.507341
0.507341
0.505302
0.505302
0.503807
0.503807
0.503008
0.503008
0.502417
0.502417
0.502092
0.502092
0.502031
0.502031
0.502031
0.502031
0.502031
0.502031
0.502031
0.502031
0.502031
0.502031
0.502031
0.502031
0.502031
0.502031
0.502031
0.502031
0.502031
0.502031
0.502031
0.502031
0.502031
0.502031
0.502031
0.502031
0.502031
0.502031
0.502031
0.502031
0.502031
0.502031
0.502031
0.502031
0.502031
0.502031
0.502031
0.502031
0.502031
0.502031
0.502031
0.502031
0.502031
0.502031
0.502031
0.502031
0.502031
0.502031
0.502031
0.502031
0.502031
0.502031
0.502031
0.502031
0.502031
0.502031
0.502031
0.502031
0.502031
0.502031
0.502031
0.502031
0.502031
0.502031
0.502031
0.502031
0.502031
0.502031
0.502031
0.502031
0.502031
0.502031
0.502031
0.512482
0.512482
0.512482
0.512482
0.512482
0.512482
0.512482
0.512482
0.512482
0.512482
0.512482
0.512482
0.512482
0.512482
0.512482
0.512482
0.512482
0.512482
0.512482
0.512482
0.512482
0.512482
0.512482
0.512482
0.512482
0.512482
0.512482
0.512482
0.512482
0.512482
0.512482
0.512482
0.512482
0.512482
0.512482
0.512482
0.512482
0.512482
0.512482
0.512482
0.512482
0.512482
0.512482
0.512482
0.512482
0.512482
0.512482
0.512482
0.512482
0.512482
0.512482
0.512482
0.512482
0.512482
0.512482
0.512482
0.512482
0.512482
0.512482
0.512482
0.512482
0.512482
0.512482
0.512482
0.512482
0.512482
0.512482
0.512482
0.512482
0.518546
0.518546
0.518546
0.518546
0.518546
0.518546
0.518546
0.518546
0.518546
0.518546
0.518546
0.518546
0.518546
0.518546
0.518546
0.518546
0.518546
0.518546
0.518546
0.518546
0.518546
0.518546
0.518546
0.518546
0.518546
0.518546
0.518546
0.518546
0.518546
0.518546
0.518546
0.518546
0.518546
0.518546
0.518546
0.518546
0.518546
0.518546
0.518546
0.518546
0.518546
0.518546
0.518546
0.518546
0.518546
0.518546
0.518546
0.518546
0.518546
0.518546
0.518546
0.518546
0.518546
0.522902
0.522902
0.522902
0.522902
0.522902
0.522902
0.522902
0.522902
0.522902
0.522902
0.522902
0.522902
0.522902
0.522902
0.522902
0.522902
0.522902
0.522902
0.522902
0.522902
0.522902
0.522902
0.522902
0.522902
0.522902
0.522902
0.522902
0.522902
0.522902
0.522902
0.522902
0.522902
0.522902
0.522902
0.522902
0.522902
0.522902
0.522902
0.522902
0.522902
0.522902
0.522902
0.522902
0.522902
0.522902
0.522902
0.522902
0.522902
0.522902
0.522902
0.522902
0.522902
0.522902
0.522902
0.522902
0.522902
0.522902
0.522902
0.522490
0.522490
0.510558
0.510558
0.507001
0.507001
0.505497
0.505497
0.504885
0.504885
0.504355
0.504355
0.504019
0.504019
0.503727
0.503727
0.503727
0.503727
0.503727
0.503727
0.503727
0.503727
0.503727
0.503727
0.503727
0.503727
0.503727
0.503727
0.503727
0.503727
0.503727
0.503727
0.503727
0.503727
0.503727
0.503727
0.503727
0.503727
0.503727
0.503727
0.503727
0.503727
0.503727
0.503727
0.503727
0.503727
0.503727
0.503727
0.503727
0.503727
0.503727
0.503727
0.503727
0.503727
0.503727
0.503727
0.503727
0.503727
0.503727
0.503727
0.503727
0.503727
0.503727
0.503727
0.503727
0.503727
0.503727
0.503727
0.503727
0.503727
0.503727
0.503727
0.503727
0.503727
0.503727
0.503727
0.503727
0.503727
0.503727
0.503727
0.503727
0.503727
0.503727
0.503727
0.503727
0.503727
0.503727
0.503727
0.503727
0.513871
0.513871
0.524071
0.524071
0.524071
0.534253
0.534253
0.544495
0.544495
0.554881
0.554881
0.564945
0.564945
0.574992
0.574992
0.585056
0.585056
0.595137
0.595137
0.605599
0.605599
0.605599
0.615752
0.615752
0.626019
0.636172
0.636172
0.646232
0.646232
0.656512
0.656512
0.666889
0.666889
0.677241
0.687702
0.687702
0.698049
0.698049
0.792786
0.792786
0.792786
0.792786
0.792786
0.792786
0.792786
0.792786
0.792786
0.792786
0.800000
0.800000
0.800000
0.800000
0.800000
0.800000
