0.566402
0.511453
0.507226
0.511453
0.524134
0.557949
0.541041
0.528360
0.549495
0.532587
0.524134
0.549495
0.519907
0.511453
0.494545
0.528360
0.524134
0.557949
0.519907
0.507226
0.507226
0.553722
0.524134
0.528360
0.481865
0.536814
0.583310
0.549495
0.524134
0.511453
0.469184
0.414235
0.350831
0.494545
0.422688
0.477638
0.502999
0.566402
0.532587
0.477638
0.494545
0.511453
0.502999
0.469184
0.519907
0.477638
0.519907
0.464957
0.498772
0.439596
0.498772
0.536814
0.443823
0.502999
0.486092
0.435369
0.439596
0.464957
0.431142
0.473411
0.431142
0.431142
0.469184
0.456503
0.456503
0.469184
0.418462
0.490319
0.477638
0.452277
0.448050
0.435369
0.439596
0.418462
0.410008
0.414235
0.431142
0.422688
0.456503
0.426915
0.448050
0.494545
0.502999
0.557949
0.600218
0.600218
0.532587
0.473411
0.549495
0.583310
0.536814
0.659394
0.604444
0.634033
0.646713
0.672075
0.642486
0.608671
0.646713
0.722797
0.786200
0.659394
0.570629
0.688982
0.756612
0.760839
0.731251
0.781974
0.756612
0.727024
0.676301
0.735478
0.798881
0.934141
0.718570
0.777747
0.858057
0.765066
0.752385
0.866511
0.836923
0.820015
0.874965
0.870738
0.532587
0.951049
0.811562
0.769293
0.921461
0.748158
0.722797
0.862284
0.777747
0.887646
0.849604
0.663621
0.866511
0.697436
0.743932
0.913007
0.900326
0.739705
0.773520
0.777747
0.811562
0.680528
0.684755
0.773520
0.908780
0.963730
0.688982
0.811562
0.781974
0.769293
0.777747
0.718570
0.760839
0.722797
0.714343
0.722797
0.701663
0.697436
0.693209
0.634033
0.688982
0.735478
0.617125
0.617125
0.769293
0.625579
0.672075
0.697436
0.676301
0.655167
0.574856
0.642486
0.579083
0.562176
0.672075
0.646713
0.790427
0.608671
0.710117
0.672075
0.688982
0.676301
0.714343
0.731251
0.621352
0.617125
0.625579
0.617125
0.608671
0.557949
0.680528
0.545268
0.617125
0.524134
0.617125
0.617125
0.557949
0.587537
0.566402
0.617125
0.595991
0.562176
0.566402
0.612898
0.515680
0.481865
0.507226
0.541041
0.557949
0.532587
0.494545
0.519907
0.494545
0.473411
0.443823
0.448050
0.452277
0.464957
0.481865
0.469184
0.452277
0.486092
0.464957
0.494545
0.481865
0.481865
0.486092
0.473411
0.486092
0.490319
0.486092
0.502999
0.515680
0.528360
0.502999
0.502999
0.545268
0.498772
0.511453
0.460730
0.519907
0.507226
0.566402
0.494545
0.562176
0.435369
0.464957
0.448050
0.490319
0.456503
0.502999
0.515680
0.473411
0.477638
0.431142
0.439596
0.498772
0.393100
0.486092
0.443823
0.439596
0.439596
0.460730
0.426915
0.456503
0.431142
0.397327
0.397327
0.452277
0.410008
0.473411
0.448050
0.435369
0.393100
0.460730
0.410008
0.511453
0.477638
0.481865
0.507226
0.448050
0.511453
0.397327
0.469184
0.473411
0.464957
0.448050
0.490319
0.545268
0.452277
0.464957
0.452277
0.507226
0.511453
0.524134
0.494545
0.549495
0.557949
0.553722
0.498772
0.473411
0.498772
0.515680
0.507226
0.486092
0.524134
0.507226
0.490319
0.549495
0.532587
0.536814
0.549495
0.553722
0.549495
0.570629
0.600218
0.583310
0.583310
0.617125
0.553722
0.608671
0.532587
0.612898
0.553722
0.570629
0.587537
0.612898
0.595991
0.557949
0.583310
0.553722
0.574856
0.587537
0.591764
0.587537
0.583310
0.553722
0.579083
0.524134
0.545268
0.579083
0.562176
0.617125
0.545268
0.583310
0.524134
0.511453
0.536814
0.545268
0.536814
0.570629
0.524134
0.524134
0.511453
0.528360
0.528360
0.460730
0.494545
0.460730
0.486092
0.532587
0.507226
0.481865
0.515680
0.486092
0.502999
0.464957
0.464957
0.481865
0.481865
0.473411
0.452277
0.477638
0.498772
0.515680
0.443823
0.456503
0.532587
0.490319
0.524134
0.477638
0.502999
0.498772
0.486092
0.452277
0.553722
0.464957
0.481865
0.443823
0.498772
0.490319
0.473411
0.460730
0.469184
0.435369
0.435369
0.490319
0.469184
0.443823
0.515680
0.456503
0.498772
0.536814
0.456503
0.511453
0.473411
0.498772
0.502999
0.490319
0.490319
0.464957
0.498772
0.473411
0.511453
0.507226
0.528360
0.528360
0.532587
0.574856
0.541041
0.545268
0.481865
0.528360
0.604444
0.519907
0.557949
0.574856
0.591764
0.595991
0.553722
0.532587
0.583310
0.570629
0.545268
0.595991
0.591764
0.528360
0.528360
0.481865
0.515680
0.511453
0.502999
0.486092
0.498772
0.502999
0.422688
0.481865
0.494545
0.507226
0.452277
0.477638
0.481865
0.481865
0.464957
0.494545
0.452277
0.443823
0.439596
0.490319
0.405781
0.469184
0.490319
0.397327
0.473411
0.469184
0.498772
0.439596
0.448050
0.452277
0.443823
0.473411
0.477638
0.456503
0.477638
0.477638
0.431142
0.490319
0.502999
0.456503
0.464957
0.460730
0.490319
0.486092
0.448050
0.456503
0.439596
0.410008
0.448050
0.422688
0.464957
0.460730
0.464957
0.435369
0.431142
0.498772
0.486092
0.498772
0.443823
0.481865
0.477638
0.477638
0.414235
0.452277
0.553722
0.549495
0.553722
0.418462
0.486092
0.452277
0.524134
0.498772
0.507226
0.498772
0.498772
0.464957
0.507226
0.460730
0.541041
0.443823
0.562176
0.498772
0.481865
0.532587
0.456503
0.515680
0.583310
0.490319
0.498772
0.528360
0.528360
0.473411
0.553722
0.439596
0.553722
0.502999
0.528360
0.507226
0.502999
0.494545
0.532587
0.448050
0.498772
0.545268
0.486092
0.502999
0.490319
0.557949
0.553722
0.469184
0.545268
0.498772
0.515680
0.502999
0.494545
0.515680
0.541041
0.502999
0.519907
0.574856
0.562176
0.524134
0.511453
0.469184
0.524134
0.532587
0.528360
0.528360
0.519907
0.532587
0.511453
0.515680
0.545268
0.562176
0.448050
0.579083
0.608671
0.528360
0.464957
0.515680
0.502999
0.507226
0.511453
0.541041
0.490319
0.515680
0.608671
0.600218
0.583310
0.566402
0.532587
0.532587
0.541041
0.515680
0.536814
0.502999
0.486092
0.452277
0.600218
0.481865
0.553722
0.494545
0.490319
0.545268
0.469184
0.473411
0.507226
0.553722
0.502999
0.570629
0.511453
0.566402
0.473411
0.524134
0.545268
0.541041
0.541041
0.477638
0.502999
0.579083
0.541041
0.490319
0.490319
0.528360
0.498772
0.604444
0.511453
0.545268
0.477638
0.486092
0.456503
0.557949
0.469184
0.574856
0.524134
0.545268
0.553722
0.524134
0.549495
0.519907
0.477638
0.545268
0.448050
0.524134
0.490319
0.481865
0.473411
0.498772
0.490319
0.532587
0.456503
0.456503
0.566402
0.490319
0.498772
0.494545
0.460730
0.490319
0.498772
0.464957
0.486092
0.536814
0.469184
0.507226
0.435369
0.443823
0.579083
0.435369
0.511453
0.456503
0.481865
0.486092
0.562176
0.587537
0.464957
0.663621
0.591764
0.650940
0.579083
0.587537
0.642486
0.617125
0.672075
0.642486
0.655167
0.701663
0.731251
0.600218
0.663621
0.676301
0.655167
0.697436
0.773520
0.727024
0.773520
0.655167
0.667848
0.739705
0.676301
0.701663
0.743932
0.756612
0.752385
0.786200
0.642486
0.735478
0.798881
0.765066
0.672075
0.693209
0.680528
0.676301
0.756612
0.562176
0.672075
0.650940
0.663621
0.608671
0.646713
0.701663
0.629806
0.621352
0.600218
0.617125
0.587537
0.638259
0.617125
0.608671
0.583310
0.617125
0.553722
0.591764
0.680528
0.625579
0.587537
0.549495
0.570629
0.570629
0.570629
0.545268
0.595991
0.562176
0.566402
0.541041
0.532587
0.528360
0.536814
0.532587
0.574856
0.524134
0.519907
0.532587
0.486092
0.536814
0.511453
0.490319
0.519907
0.511453
0.469184
0.486092
0.410008
0.410008
0.405781
0.448050
0.422688
0.426915
0.435369
0.380420
0.414235
0.439596
0.439596
0.448050
0.448050
0.388873
0.401554
0.426915
0.405781
0.338151
0.410008
0.414235
0.439596
0.435369
0.414235
0.342378
0.401554
0.439596
0.439596
0.431142
0.448050
0.439596
0.443823
0.443823
0.460730
0.494545
0.477638
0.477638
0.452277
0.464957
0.515680
0.443823
0.473411
0.486092
0.414235
0.502999
0.532587
0.549495
0.557949
0.435369
0.477638
0.473411
0.490319
0.511453
0.486092
0.519907
0.490319
0.536814
0.477638
0.579083
0.532587
0.587537
0.486092
0.473411
0.477638
0.519907
0.549495
0.557949
0.524134
0.570629
0.519907
0.502999
0.536814
0.595991
0.524134
0.549495
0.519907
0.553722
0.553722
0.524134
0.477638
0.536814
0.591764
0.634033
0.583310
0.591764
0.629806
0.621352
0.562176
0.557949
0.562176
0.574856
0.595991
0.634033
0.612898
0.600218
0.549495
0.604444
0.634033
0.570629
0.680528
0.650940
0.617125
0.579083
0.625579
0.650940
0.634033
0.642486
0.617125
0.705890
0.684755
0.566402
0.595991
0.600218
0.634033
0.621352
0.604444
0.570629
0.566402
0.617125
0.634033
0.583310
0.655167
0.608671
0.574856
0.579083
0.629806
0.591764
0.604444
0.604444
0.612898
0.583310
0.650940
0.595991
0.608671
0.617125
0.621352
0.587537
0.570629
0.608671
0.608671
0.481865
0.541041
0.532587
0.473411
0.515680
0.536814
0.583310
0.545268
0.524134
0.536814
0.579083
0.507226
0.600218
0.507226
0.460730
0.502999
0.498772
0.519907
0.528360
0.515680
0.511453
0.524134
0.469184
0.486092
0.456503
0.469184
0.464957
0.448050
0.494545
0.426915
0.452277
0.439596
0.443823
0.414235
0.464957
0.502999
0.473411
0.439596
0.464957
0.464957
0.443823
0.486092
0.460730
0.469184
0.464957
0.486092
0.481865
0.528360
0.490319
0.511453
0.486092
0.486092
0.532587
0.536814
0.477638
0.515680
0.524134
0.562176
0.553722
0.570629
0.519907
0.498772
0.532587
0.532587
0.545268
0.536814
0.557949
0.511453
0.515680
0.502999
0.519907
0.486092
0.511453
0.448050
0.494545
0.477638
0.507226
0.452277
0.524134
0.435369
0.519907
0.519907
0.490319
0.486092
0.448050
0.464957
0.469184
0.435369
0.473411
0.401554
0.448050
0.473411
0.498772
0.473411
0.405781
0.452277
0.456503
0.388873
0.443823
0.439596
0.477638
0.435369
0.452277
0.498772
0.490319
0.532587
0.464957
0.494545
0.490319
0.502999
0.490319
0.494545
0.511453
0.541041
0.502999
0.486092
0.511453
0.541041
0.541041
0.562176
0.617125
0.515680
0.553722
0.574856
0.583310
0.579083
0.566402
0.553722
0.579083
0.566402
0.553722
0.570629
0.553722
0.562176
0.570629
0.566402
0.536814
0.566402
0.583310
0.511453
0.473411
0.519907
0.490319
0.532587
0.486092
0.536814
0.418462
0.443823
0.477638
0.486092
0.460730
0.418462
0.511453
0.456503
0.473411
0.507226
0.477638
0.426915
0.524134
0.486092
0.439596
0.452277
0.443823
0.410008
0.469184
0.422688
0.405781
0.410008
0.452277
0.481865
0.410008
0.490319
0.418462
0.473411
0.426915
0.431142
0.384646
0.393100
0.502999
0.515680
0.490319
0.448050
0.443823
0.481865
0.481865
0.541041
0.490319
0.422688
0.486092
0.536814
0.515680
0.490319
0.502999
0.536814
0.477638
0.486092
0.688982
0.693209
0.519907
0.579083
0.557949
0.587537
0.574856
0.583310
0.608671
0.684755
0.646713
0.722797
0.650940
0.697436
0.701663
0.786200
0.794654
0.748158
0.672075
0.638259
0.676301
0.697436
0.731251
0.697436
0.727024
0.612898
0.735478
0.739705
0.629806
0.705890
0.798881
0.820015
0.883419
0.722797
0.693209
0.836923
0.650940
0.752385
0.786200
0.777747
0.803108
0.684755
0.786200
0.735478
0.693209
0.853831
0.743932
0.718570
0.845377
0.798881
0.883419
0.714343
0.879192
0.879192
0.735478
0.879192
0.752385
0.756612
0.803108
0.769293
0.727024
0.727024
0.680528
0.629806
0.697436
0.667848
0.727024
0.591764
0.769293
0.604444
0.735478
0.752385
0.676301
0.773520
0.701663
0.748158
0.752385
0.756612
0.710117
0.659394
0.688982
0.731251
0.650940
0.688982
0.714343
0.591764
0.735478
0.688982
0.634033
0.710117
0.655167
0.781974
0.722797
0.625579
0.655167
0.769293
0.646713
0.604444
0.570629
0.672075
0.672075
0.595991
0.625579
0.672075
0.629806
0.629806
0.574856
0.634033
0.612898
0.621352
0.659394
0.583310
0.608671
0.600218
0.583310
0.604444
0.617125
0.541041
0.524134
0.549495
0.587537
0.566402
0.570629
0.502999
0.532587
0.583310
0.549495
0.541041
0.464957
0.524134
0.519907
0.536814
0.524134
0.481865
0.486092
0.545268
0.443823
0.401554
0.490319
0.566402
0.498772
0.431142
0.469184
0.456503
0.464957
0.502999
0.464957
0.481865
0.498772
0.507226
0.498772
0.494545
0.460730
0.519907
0.460730
0.498772
0.515680
0.507226
0.528360
0.511453
0.591764
0.524134
0.486092
0.486092
0.574856
0.532587
0.452277
0.498772
0.494545
0.473411
0.393100
0.397327
0.401554
0.317016
0.295882
0.363512
0.473411
0.502999
0.494545
0.473411
0.507226
0.460730
0.494545
0.464957
0.397327
0.464957
0.486092
0.511453
0.477638
0.574856
0.536814
0.494545
0.422688
0.502999
0.519907
0.494545
0.452277
0.532587
0.464957
0.515680
0.405781
0.511453
0.456503
0.456503
0.464957
0.414235
0.410008
0.439596
0.481865
0.481865
0.481865
0.541041
0.507226
0.490319
0.490319
0.469184
0.481865
0.511453
0.456503
0.431142
0.477638
0.456503
0.511453
0.515680
0.477638
0.502999
0.460730
0.384646
0.456503
0.393100
0.477638
0.418462
0.464957
0.460730
0.532587
0.464957
0.481865
0.481865
0.477638
0.486092
0.519907
0.486092
0.536814
0.524134
0.507226
0.562176
0.532587
0.507226
0.570629
0.498772
0.494545
0.498772
0.507226
0.477638
0.469184
0.507226
0.511453
0.490319
0.481865
0.549495
0.532587
0.473411
0.519907
0.473411
0.519907
0.515680
0.515680
0.528360
0.549495
0.502999
0.498772
0.460730
0.519907
0.460730
0.507226
0.498772
0.490319
0.473411
0.587537
0.545268
0.553722
0.481865
0.532587
0.541041
0.469184
0.477638
0.545268
0.532587
0.541041
0.515680
0.494545
0.498772
0.532587
0.456503
0.498772
0.443823
0.460730
0.583310
0.511453
0.469184
0.519907
0.456503
0.591764
0.528360
0.469184
0.460730
0.507226
0.515680
0.448050
0.574856
0.532587
0.452277
0.460730
0.494545
0.583310
0.456503
0.481865
0.553722
0.519907
0.490319
0.460730
0.486092
0.528360
0.528360
0.477638
0.460730
0.498772
0.448050
0.519907
0.448050
0.532587
0.519907
0.515680
0.490319
0.515680
0.549495
0.553722
0.477638
0.477638
0.443823
0.528360
0.494545
0.519907
0.528360
0.456503
0.473411
0.595991
0.549495
0.574856
0.502999
0.608671
0.473411
0.473411
0.553722
0.477638
0.502999
0.511453
0.524134
0.443823
0.562176
0.494545
0.566402
0.549495
0.545268
0.566402
0.579083
0.557949
0.431142
0.549495
0.519907
0.473411
0.519907
0.519907
0.507226
0.477638
0.507226
0.545268
0.464957
0.524134
0.498772
0.426915
0.579083
0.621352
0.587537
0.579083
0.557949
0.541041
0.524134
0.519907
0.532587
0.574856
0.579083
0.553722
0.604444
0.536814
0.528360
0.608671
0.528360
0.515680
0.515680
0.498772
0.511453
