10.516487
10.038849
10.140294
10.262875
10.322050
10.351638
10.123387
10.216378
10.300915
10.516486
10.191017
10.617933
10.191017
10.305144
10.550303
10.533396
10.237514
10.237513
10.347413
10.296690
10.334731
10.495354
10.524940
10.410815
10.482673
10.317824
10.381227
10.338958
10.072665
10.174109
10.567210
10.529168
10.440404
10.216378
10.178338
10.495354
10.368547
10.258648
10.571438
10.326278
10.161430
10.085346
10.516488
10.427724
10.372774
10.377000
10.389681
10.448856
10.207926
10.330505
10.313598
10.009261
10.313598
10.093799
10.351639
10.309370
10.406588
10.089571
10.317822
10.047303
10.330505
10.317823
10.469992
10.085345
10.000808
10.072664
10.229060
10.288237
10.292463
10.085346
10.059985
10.157203
10.398134
10.262876
10.064211
10.292462
10.043078
10.026168
10.068438
10.347413
10.085344
10.237514
10.516487
10.051530
10.410815
10.436176
10.584119
10.144522
10.254420
10.300917
10.347413
10.474218
10.558757
10.017715
10.558757
10.081119
10.664428
10.178336
10.038850
10.114935
10.364320
10.406588
10.495353
10.524940
10.626387
10.626387
10.689790
10.047303
10.098025
10.047303
10.152975
10.169883
10.148747
10.279782
10.195245
10.220605
10.250194
10.292463
10.326278
10.267100
10.258649
10.102253
10.347412
10.431950
10.385454
10.292463
10.245966
10.296690
10.347413
10.279781
10.152975
10.229059
10.102253
10.174110
10.237514
10.681335
10.630613
10.047303
10.474217
10.402362
10.313596
10.169883
10.186791
10.136067
10.495354
10.495354
10.229058
10.123387
10.592571
10.326278
10.093799
10.482672
10.279781
10.102251
10.334731
10.136068
10.381227
10.275556
10.005034
10.114933
10.064211
10.267101
10.355865
10.372773
10.309370
10.377001
10.330505
10.431950
10.305144
10.448856
10.271329
10.330504
10.334730
10.034621
10.119159
10.393909
10.389680
10.026170
10.398135
10.152975
10.131839
10.444629
10.300917
10.030396
10.250194
10.165656
10.114933
10.178336
10.106480
10.148748
10.005034
10.453083
10.009261
10.212152
10.330504
10.322051
10.516489
10.448857
10.186790
10.123387
10.262875
10.267101
10.385455
10.486899
10.021942
10.478446
10.055757
10.089572
10.131841
10.220605
10.047304
10.144521
10.254420
10.220606
10.245967
10.326278
10.241741
10.207925
10.410815
10.275555
10.317824
10.313597
10.279783
10.486899
10.478446
10.630613
10.123387
10.191018
10.469992
10.664429
10.148749
10.229059
10.300916
10.613707
10.005035
10.195245
10.212153
10.275556
10.385454
10.584118
10.520715
10.630612
10.710925
10.195246
10.195245
10.229059
10.275555
10.174110
10.292462
10.423496
10.309370
10.317822
10.317824
10.351638
10.406589
10.372773
10.436177
10.207925
10.334732
10.368547
10.258648
10.229059
10.237514
10.237514
10.237514
10.309371
10.127614
10.144523
10.114934
10.038849
10.064211
10.030396
10.660202
10.558756
10.617932
10.677110
10.537621
10.457311
10.393908
10.575665
10.368546
10.338959
10.398135
10.372774
10.431950
10.368547
10.377002
10.381227
10.601026
10.258646
10.250195
10.144523
10.220605
10.174109
10.178336
10.338959
10.178337
10.203698
10.389681
10.212152
10.347412
10.436175
10.457312
10.499580
10.512259
10.617933
10.584118
10.575664
10.605252
10.698245
10.584118
10.605252
10.601026
10.698244
10.710925
10.710924
10.677109
10.465765
10.858865
10.601026
10.689790
10.630613
10.617932
10.030396
10.719378
10.753194
10.495354
10.005034
10.677110
10.689790
10.562983
10.605253
10.491126
10.601026
10.613707
10.495353
10.482673
10.499580
10.571437
10.461537
10.372774
10.423495
10.465765
10.516489
10.533396
10.381227
10.419270
10.440404
10.533396
10.393907
10.296690
10.326279
10.157202
10.157203
10.034623
10.440403
10.440405
10.186790
10.152976
10.030396
10.288235
10.237514
10.017716
10.005035
10.368546
10.144522
10.419271
10.296690
10.241739
10.072665
10.030395
10.398134
10.444631
10.098026
10.533396
10.085345
10.381227
10.237514
10.098026
10.051529
10.453085
10.524940
10.461537
10.461538
10.491127
10.262874
10.330505
10.267100
10.152975
10.005034
10.102252
10.284009
10.541849
10.529166
10.059984
10.123387
10.262874
10.389683
10.229059
10.267100
10.402361
10.216377
10.436177
10.212153
10.229060
10.322049
10.440404
10.512261
10.305143
10.334732
10.207926
10.081119
10.271329
10.131842
10.034621
10.152975
10.178337
10.241739
10.334732
10.131841
10.021943
10.355865
10.229058
10.309371
10.385455
10.491126
10.398135
10.026170
10.195244
10.300916
10.110707
10.258648
10.448858
10.136068
10.393908
10.254419
10.123387
10.237514
10.651748
10.364320
10.571438
10.258648
10.402362
10.059984
10.284009
10.486899
10.533395
10.068439
10.119161
10.237514
10.317825
10.524941
10.465765
10.474218
10.677108
10.681335
10.651748
10.491125
10.465765
10.478446
10.364320
10.186790
10.182564
10.533396
10.013488
10.415043
10.250194
10.296689
10.051529
10.444631
10.385454
10.131842
10.596800
10.224833
10.203698
10.169883
10.461539
10.199471
10.106480
10.550303
10.322050
10.410814
10.453083
10.347411
10.081119
10.419270
10.169882
10.402361
10.385454
10.085345
10.372774
10.288237
10.241739
10.136068
10.440405
10.241740
10.364321
10.271329
10.123387
10.347413
10.334732
10.393909
10.055758
10.047304
10.165655
10.237514
10.309370
10.402362
10.398135
10.169883
10.389681
10.478446
10.245967
10.119161
10.478447
10.195244
10.372771
10.043077
10.068438
10.271328
10.317824
10.377001
10.351639
10.199470
10.267101
10.098026
10.114935
10.313597
10.191018
10.465764
10.288236
10.136068
10.199471
10.258648
10.402362
10.558756
10.182564
10.195244
10.334730
10.000807
10.474218
10.448857
10.406590
10.351640
10.372773
10.098026
10.030396
10.072665
10.338958
10.199473
10.102253
10.469992
10.355865
10.364319
10.093801
10.098026
10.296690
10.055758
10.110707
10.114932
10.250194
10.364320
10.347413
10.368547
10.326278
10.271329
10.398134
10.512260
10.089571
10.419268
10.267101
10.148748
10.157202
10.453084
10.398134
10.360092
10.224832
10.005035
10.474217
10.085345
10.047303
10.148747
10.174109
10.220605
10.440405
10.068437
10.245967
10.051531
10.465764
10.140295
10.110704
10.275555
10.144521
10.533395
10.334731
10.026168
10.495354
10.258648
10.064210
10.114933
10.076891
10.000808
10.005033
10.338957
10.436177
10.410814
10.000808
10.110707
10.326277
10.512260
10.047303
10.017715
10.245967
10.114933
10.355865
10.005034
10.026169
10.465765
10.317823
10.165654
10.068438
10.461538
10.000807
10.013488
10.110706
10.089573
10.021941
10.085345
10.152976
10.224833
10.317824
10.305142
10.402360
10.406589
10.330505
10.279782
10.131841
10.186791
10.537621
10.486900
10.355865
10.415043
10.529168
10.305142
10.372773
10.389681
10.267101
10.076892
10.182564
10.076893
10.300918
10.355866
10.457312
10.486898
10.026170
10.178337
10.119161
10.110705
10.169883
10.305142
10.296690
10.203698
10.034622
10.093799
10.444629
10.334731
10.385454
10.461536
10.338959
10.347411
10.381228
10.098025
10.191018
10.030397
10.229059
10.300917
10.457313
10.119161
10.271329
10.351639
10.309369
10.334732
10.326277
10.292463
10.051530
10.368546
10.440404
10.326277
10.474218
10.317823
10.486899
10.258648
10.005033
10.081120
10.347411
10.047304
10.220605
10.385454
10.300918
10.469993
10.043077
10.309371
10.398134
10.288237
10.017715
10.051528
10.013488
10.305142
10.254419
10.351640
10.216378
10.330503
10.026170
10.000808
10.038851
10.377000
10.131842
10.009261
10.005034
10.457311
10.410816
10.059985
10.127613
10.169883
10.482674
10.203698
10.267102
10.267101
10.469992
10.110705
10.326279
10.224833
10.398134
10.448856
10.508033
10.013488
10.453084
10.009261
10.533395
10.491125
10.030396
10.436176
10.355865
10.398135
10.334732
10.389680
10.423496
10.554528
10.258647
10.271328
10.474219
10.431949
10.055758
10.186791
10.305141
10.250194
10.338958
10.419270
10.199471
10.161429
10.292463
10.372775
10.152974
10.089571
10.398134
10.423496
10.195245
10.068437
10.508034
10.393907
10.131841
10.343185
10.161429
10.453084
10.529168
10.093799
10.448857
10.305143
10.237513
10.136067
10.059983
10.326278
10.229058
10.275555
10.245966
10.178337
10.152976
10.262875
10.406588
10.207925
10.216378
10.186790
10.119160
10.131841
10.245967
10.152975
10.068437
10.410816
10.216379
10.207925
10.169884
10.309369
10.334731
10.381227
10.393909
10.009261
10.161428
10.250193
10.343185
10.415042
10.127614
10.254420
10.169883
10.381227
10.571438
10.157202
10.144522
10.465766
10.258647
10.055757
10.021943
10.389683
10.182564
10.081118
10.305143
10.495352
10.385454
10.284010
10.457312
10.262875
10.355866
10.347413
10.047303
10.372772
10.191016
10.292461
10.136067
10.165658
10.182564
10.241739
10.292463
10.136069
10.461539
10.322050
10.377001
10.288235
10.182564
10.258648
10.355865
10.322050
10.207925
10.161430
10.148748
10.347411
10.389682
10.072665
10.284008
10.182563
10.051530
10.343186
10.051530
10.495354
10.089572
10.076891
10.220606
10.347411
10.372774
10.284009
10.017715
10.377000
10.216378
10.119161
10.212152
10.127614
10.224833
10.440402
10.427723
10.034622
10.229059
10.119163
10.284008
10.377001
10.486898
10.043077
10.410813
10.098026
10.364320
10.106480
10.169883
10.021942
10.440402
10.516487
10.182564
10.313598
10.013489
10.165656
10.305143
10.376999
10.275555
10.334731
10.343184
10.313596
10.262875
10.237513
10.064211
10.068438
10.482673
10.258647
10.182565
10.220606
10.114934
10.127614
10.402362
10.068438
10.110706
10.406590
10.271328
10.482674
10.326279
10.059983
10.005033
10.102254
10.250194
10.262875
10.250194
10.440404
10.406589
10.436175
10.216379
10.009263
10.284009
10.106481
10.499580
10.478445
10.271328
10.431950
10.457311
10.317823
10.482672
10.085346
10.119161
10.364320
10.381227
10.377000
10.068438
10.178337
10.330504
10.182563
10.144522
10.140296
10.431952
10.288236
10.431950
10.406588
10.148748
10.389682
10.102253
10.098025
10.309370
10.360093
10.322050
10.372772
10.220605
10.415043
10.220606
10.102253
10.085345
10.410816
10.030396
10.169883
10.262874
10.415041
10.393907
10.300917
10.275556
10.313597
10.174109
10.453085
10.431951
10.360092
10.469992
10.144522
10.377000
10.469992
10.013488
10.478445
10.017715
10.136067
10.102253
10.191017
10.410815
10.554529
10.431950
10.229059
10.220607
10.229058
10.317823
10.068439
10.186791
10.224832
10.152976
10.224833
10.322050
10.393908
10.334730
10.017715
10.203698
10.131841
10.026169
10.195244
10.279781
10.385455
10.423495
10.288236
10.161429
10.081118
10.546075
10.144521
10.469991
10.377000
10.203699
10.161428
10.140295
10.398134
10.419270
10.453084
10.406588
10.000808
10.017716
10.051529
10.017715
10.267102
10.009262
10.148749
10.140296
10.423496
10.013489
10.469992
10.102253
10.144522
10.241740
10.317822
10.229059
10.005034
10.440405
10.389681
10.478447
10.296688
10.533396
10.448858
10.030396
10.313597
10.043076
10.300916
10.241741
10.465765
10.262875
10.254420
10.161429
10.059983
10.030395
10.495352
10.191017
10.140295
10.537622
10.119161
10.131841
10.152975
10.119161
10.199471
10.089573
10.169883
10.013488
10.448856
10.102253
10.431949
10.131842
10.017715
10.072665
10.393908
10.351640
10.119161
10.144523
10.127614
10.051532
10.317824
10.229059
10.381227
10.444631
10.351639
10.410815
10.144521
10.343186
10.305142
10.381227
10.030396
10.161429
10.229058
10.415043
10.372773
10.529168
10.415042
10.491126
10.098025
10.495353
10.575664
10.516488
10.474218
10.440403
10.427724
10.419271
10.250196
10.427722
10.558757
10.127613
10.296689
10.364319
10.385455
10.288236
10.343185
10.482673
10.431950
10.520715
10.207925
10.393908
10.195243
10.157204
10.081120
10.005034
10.216380
10.330503
10.292462
10.076890
10.026168
10.136066
10.288235
10.410815
10.474217
10.241739
10.351639
10.309370
10.499580
10.267101
10.381227
10.512259
10.567210
10.203698
10.148747
10.131842
10.191018
10.279782
10.233287
10.292463
10.262874
10.398135
10.152975
10.161429
10.114933
10.005035
10.114932
10.106479
10.457311
10.503806
10.491126
10.486899
10.529168
10.309372
10.520715
10.440403
10.372775
10.444633
10.495353
10.093800
10.550304
10.102254
10.229058
10.309370
10.609478
10.140295
10.385454
10.284009
10.512260
10.377000
10.009261
10.398134
10.326279
10.178337
10.651749
10.491126
10.059983
10.250195
10.161429
10.495354
10.317825
10.089574
10.110706
10.165656
10.402361
10.110706
10.021941
10.237513
10.055758
10.233287
10.364319
10.038851
10.322051
10.351639
10.444631
10.013488
10.520715
10.512260
10.423496
10.423496
10.224833
10.144522
10.098026
10.064211
10.034623
10.516489
10.537622
10.474219
10.419269
10.322050
10.385454
10.406589
10.271328
10.296690
10.402360
10.313597
10.508035
10.444630
10.292461
10.393908
10.389681
10.440403
10.427723
10.469992
10.427723
10.402362
10.482673
10.347412
10.499580
10.520716
10.448858
10.567209
10.541847
10.541847
10.068438
10.554530
10.114934
10.322051
10.148748
10.338960
10.174109
10.300916
10.195244
10.300917
10.250195
10.191017
10.195246
10.229059
10.216378
10.123387
10.220606
10.165656
10.195244
10.169884
10.165656
10.038849
10.224833
10.114935
10.098026
10.216379
10.174109
10.131841
10.529168
10.140294
10.233287
10.148746
10.013488
10.355865
10.102253
10.131843
10.406588
10.317823
10.195244
10.385452
10.360092
10.034622
10.055757
10.262874
10.402362
10.030396
10.241739
10.330505
10.436177
10.288237
10.288237
10.300916
10.444630
10.203698
10.182564
10.313597
10.419269
10.423497
10.453085
10.119161
10.355865
10.098026
10.322050
10.148748
10.360092
10.085346
10.034622
10.393908
10.055758
10.051531
10.093800
10.165655
10.436176
10.368546
10.009262
10.503808
10.275554
10.178337
10.309368
10.284008
10.389681
10.005034
10.038850
10.114933
10.229060
10.444630
10.457312
10.508034
10.444630
10.351639
10.377001
10.360094
10.233286
10.178337
10.207925
10.406590
10.250195
10.220607
10.119161
10.098026
10.076892
10.457310
10.516488
10.165656
10.182563
10.127614
10.343185
10.191018
10.064211
10.309369
10.017715
10.262875
10.360092
10.102251
10.338958
10.512261
10.372772
10.296690
10.326277
10.047303
10.030395
10.457312
10.491125
10.385453
10.541849
10.431949
10.482672
10.021942
10.017715
10.182563
10.254421
10.300918
10.296688
10.305142
10.385454
10.064210
10.152974
10.009262
10.098026
10.524940
10.448858
10.178335
10.089572
10.169884
10.284009
10.343185
10.064211
10.161429
10.292463
10.377000
10.508035
10.415041
10.017715
10.524940
10.436177
10.309370
10.296690
10.419270
10.317823
10.351640
10.322051
10.013489
10.136067
10.085344
10.567209
10.478445
10.377001
10.474218
10.419270
10.355865
10.381227
10.127615
10.224834
10.284008
10.250195
10.152976
10.152975
10.300915
10.169883
10.182564
10.216378
10.085346
10.072665
10.199471
10.161429
10.106480
10.165655
10.165657
10.114933
10.305143
10.216377
10.119161
10.368546
10.038851
10.300918
10.038850
10.110708
10.546076
10.119162
10.152976
10.207925
10.524941
10.436177
10.081119
10.038850
10.199471
10.191016
10.144523
10.161429
10.415043
10.524940
10.478446
10.051531
10.398135
10.059985
10.013488
10.385453
10.343186
10.241740
10.258648
10.233287
10.026169
10.288236
10.292463
10.131842
10.364319
10.254421
10.338959
10.427724
10.131842
10.360092
10.064211
10.377000
10.262875
10.064211
10.279783
10.385454
10.043077
10.110707
10.085345
10.098024
10.064209
10.119160
10.541848
10.021941
10.055757
10.072664
10.085345
10.114934
10.431950
10.364320
10.262876
10.393909
10.305143
10.372773
10.313597
10.275554
10.262875
10.216377
10.241739
10.406588
10.326278
10.524940
10.043077
10.182564
10.102253
10.047303
10.537621
10.250194
10.021942
10.491126
10.381227
10.284009
10.351639
10.427722
10.300918
10.305143
10.360092
10.212152
10.296689
10.355865
10.334731
10.212152
10.182564
10.326278
10.305145
10.140295
10.241739
10.186790
10.372774
10.330505
10.444631
10.360093
10.237513
10.250194
10.474218
10.402362
10.364318
10.491125
10.182564
10.322050
10.038850
10.161429
10.250193
10.448859
10.000807
10.326278
10.317824
10.592571
10.157202
10.351638
10.444631
10.406589
10.550303
10.047303
10.271328
10.241740
10.224832
10.393909
10.520715
10.550303
10.482673
10.453085
10.520715
10.448857
10.427722
10.245967
10.584119
10.415042
10.495354
10.393908
10.322051
10.448857
10.326278
10.199471
10.152975
10.258647
10.093800
10.178335
10.034624
10.601026
10.495353
10.579892
10.376999
10.326278
10.300916
10.152976
10.360093
10.254420
10.372774
10.161429
10.343185
10.267101
10.330504
10.191016
10.245967
10.055757
10.245967
10.207926
10.326279
10.123387
10.093800
10.055757
10.144523
10.588346
10.085345
10.131842
10.064211
10.089572
10.119161
10.233286
10.174109
10.254421
10.161430
10.368546
10.284010
10.372774
10.410815
10.355865
10.351639
10.398135
10.368546
10.381227
10.300917
10.393909
10.613706
10.330506
10.520716
10.499579
10.491127
10.601026
10.495354
10.051530
10.030395
10.009262
10.119162
10.157202
10.038850
10.626387
10.643294
10.639068
10.537621
10.554529
10.038849
10.499579
10.554529
10.596800
10.410815
10.537622
10.465765
10.402362
10.262875
10.508033
10.377002
10.347413
10.152974
10.461538
10.305142
10.296689
10.191016
10.098026
10.296690
10.157202
10.212152
10.191018
10.182564
10.520715
10.102254
10.068439
10.055756
10.575665
10.089571
10.689789
10.639067
10.144522
10.102252
10.076893
10.085346
10.106480
10.288237
10.258647
10.338957
10.237514
10.313598
10.317824
10.258648
10.157202
10.123387
10.030396
10.127614
10.081119
10.533396
10.119161
10.482673
10.368546
10.300916
10.262876
10.106480
10.529170
10.474218
10.258648
10.406589
10.288237
10.284009
10.161430
10.229059
10.144522
10.575664
10.241741
10.292463
10.123388
10.364319
10.009260
10.271329
10.267101
10.368546
10.313596
10.330504
10.245968
10.562984
10.267100
10.182564
10.402361
10.017715
10.313598
10.212152
10.212152
10.081118
10.157202
10.436178
10.237514
10.305143
10.098026
10.372773
10.131841
10.334732
10.402361
10.110707
10.271326
10.381227
10.009262
10.013489
10.478445
10.157202
10.114933
10.098026
10.114933
10.174109
10.191017
10.406590
10.250194
10.300916
10.140295
10.275556
10.419269
10.393909
10.047304
10.220605
10.013487
10.212152
10.245967
10.554529
10.207927
10.178337
10.499579
10.330503
10.431949
10.220605
10.178338
10.440406
10.136068
10.136069
10.347413
10.444630
10.085345
10.300916
10.098027
10.258646
10.237513
10.436176
10.131842
10.165656
10.199471
10.140294
10.030396
10.119160
10.203697
10.419269
10.034623
10.013488
10.355867
10.317824
10.000808
10.220605
10.013487
10.191018
10.347413
10.009262
10.182564
10.262875
10.393907
10.114933
10.499580
10.161430
10.347412
10.326279
10.461538
10.537621
10.651747
10.609479
10.609479
10.550303
10.554529
10.207926
10.351639
10.448858
10.444631
10.617933
10.081118
10.482672
10.347412
10.368547
10.550303
10.288237
10.127614
10.351639
10.114933
10.338958
10.495354
10.241739
10.165657
10.043077
10.157202
10.207926
10.157201
10.114931
10.258647
10.119160
10.072664
10.127614
10.486899
10.106479
10.216377
10.220606
10.085344
10.009261
10.330505
10.309371
10.271328
10.157201
10.465765
10.229060
10.305142
10.055758
10.224832
10.224833
10.436176
10.512260
10.089572
10.165656
10.119162
10.491126
10.478445
10.558757
10.368546
10.148749
10.423496
10.072664
10.000808
10.055758
10.064211
10.013488
10.152976
10.038850
10.503806
10.169882
10.229059
10.199471
10.182565
10.038850
10.402362
10.398135
10.013489
10.093799
10.000809
10.081118
10.440403
10.427723
10.338959
10.076891
10.152973
10.207924
10.030396
10.457310
10.068438
10.102253
10.355866
10.368546
10.360092
10.038848
10.245967
10.106479
10.034622
10.224833
10.157201
10.372773
10.165657
10.191017
10.398135
10.381227
10.377000
10.059983
10.512261
10.203697
10.195244
10.486900
10.026169
10.186790
10.338958
10.377000
10.017715
10.013488
10.165656
10.152975
10.102254
10.495353
10.030396
10.169883
10.207925
10.030396
10.474219
10.258648
10.017715
10.178336
10.355865
10.059983
10.245967
10.127614
10.089572
10.148747
10.186791
10.034623
10.300917
10.355865
10.191017
10.127613
10.186790
10.427724
10.241742
10.203698
10.199470
10.148749
10.013488
10.338958
10.322051
10.347411
10.106480
10.275555
10.520715
10.089572
10.444630
10.601026
10.338959
10.355867
10.309370
10.326278
10.233286
10.237514
10.592571
10.524940
10.313598
10.051531
10.093799
10.334733
10.106480
10.402361
10.055757
10.059983
10.174109
10.186791
10.474218
10.385453
10.343185
10.427723
10.178337
10.144523
10.385453
10.275555
10.330505
10.026168
10.347411
10.271327
10.453084
10.148748
10.431950
10.157202
10.343184
10.292463
10.372772
10.254420
10.385453
10.123388
10.292462
10.119162
10.136068
10.009262
10.009262
10.267100
10.241740
10.186790
10.444631
10.026167
10.055758
10.423495
10.026168
10.262874
10.469991
10.224833
10.499580
10.554529
10.444630
10.051530
10.233287
10.245967
10.157202
10.136068
10.043077
10.288237
10.140295
10.017715
10.034623
10.393908
10.305143
10.169885
10.169883
10.059983
10.043077
10.144522
10.013488
10.174109
10.013488
10.220605
10.351639
10.503807
10.064211
10.410815
10.288235
10.085346
10.267102
10.385454
10.271328
10.338958
10.322050
10.347413
10.385455
10.431950
10.419269
10.081119
10.013488
10.047303
10.114934
10.089572
10.305142
10.102252
10.288236
10.326277
10.351641
10.537622
10.034622
10.372773
10.136068
10.102253
10.478447
10.017715
10.072665
10.064210
10.372773
10.541848
10.212152
10.300917
10.364321
10.157203
10.275556
10.478445
10.038850
10.486900
10.047304
10.076892
10.224833
10.081120
10.322050
10.055757
10.393908
10.123388
10.174110
10.119161
10.431949
10.478447
10.199471
10.275557
10.461538
10.220606
10.174109
10.343184
10.051531
10.389682
10.021944
10.322052
10.398135
10.491125
10.284009
10.334731
10.157202
10.241740
10.245967
10.195244
10.275555
10.322051
10.406588
10.102254
10.347414
10.148748
10.605251
10.541849
10.334732
10.292463
10.207924
10.047303
10.524940
10.355865
10.355865
10.064210
10.524941
10.503806
10.377001
10.436176
10.212152
10.338960
10.241741
10.520714
10.026170
10.064210
10.123387
10.038850
10.034621
10.093800
10.262877
10.478446
10.140294
10.415041
10.072665
10.334731
10.081118
10.431950
10.486899
10.393908
10.017715
10.051531
10.106480
10.157203
10.203697
10.338958
10.495354
10.140294
10.186790
10.229060
10.093800
10.415042
10.330504
10.338959
10.529169
10.330505
10.436177
10.372773
10.436176
10.085345
10.322050
10.021942
10.457311
10.051530
10.199471
10.043076
10.495355
10.338959
10.334731
10.326279
10.233287
10.174109
10.237513
10.152976
10.338960
10.089572
10.402361
10.529168
10.131842
10.076891
10.444632
10.381227
10.237514
10.081117
10.317824
10.431950
10.131841
10.106480
10.106481
10.144522
10.216380
10.503806
10.317825
10.098026
10.123386
10.364319
10.157203
10.377000
10.013488
10.237513
10.385455
10.106480
10.275555
10.322051
10.529168
10.567211
10.064211
10.381227
10.368546
10.415043
10.537622
10.558756
10.038851
10.702471
10.436177
10.419269
10.588345
10.047303
10.647520
10.009262
10.064211
10.233286
10.279781
10.157203
10.148750
10.186790
10.322050
10.343185
10.267101
10.169884
10.284008
10.334731
10.254421
10.195245
10.292462
10.165656
10.275555
10.322051
10.068439
10.191018
10.152975
10.144523
10.186791
10.140295
10.140296
10.085345
10.634840
10.021942
10.034623
10.765874
10.609478
10.588344
10.579891
10.558756
10.630614
10.419271
10.423497
10.512261
10.317823
10.351639
10.372772
10.415043
10.571437
10.343185
10.431950
10.288236
10.229059
10.448856
10.237513
10.393908
10.140295
10.385454
10.258647
10.317824
10.313598
10.262876
10.262874
10.296691
10.364321
10.317823
10.351638
10.347412
10.398134
10.326278
10.381227
10.423495
10.182564
10.410815
10.461537
10.431950
10.330505
10.410815
10.360093
10.478446
10.474220
10.516487
10.546076
10.740513
10.723604
10.664429
10.685563
10.727832
10.026169
10.787009
10.144522
10.440404
10.613707
10.651749
10.715151
10.431950
10.588346
10.562984
10.550302
10.554529
10.546076
10.021942
10.529168
10.326278
10.592572
10.026170
10.047302
10.681336
10.051531
10.727832
10.710924
10.537622
10.495353
10.009261
10.706697
10.393908
10.537621
10.546076
10.503806
10.486898
10.347412
10.368547
10.571437
10.440403
10.436177
10.250196
10.419270
10.465765
10.398135
10.322051
10.241739
10.093798
10.643292
10.643293
10.343184
10.157203
10.013489
10.440404
10.347413
10.072664
10.419269
10.191017
10.017715
10.465765
10.495354
10.279781
10.195246
10.220606
10.178338
10.030396
10.440403
10.064211
10.410815
10.457311
10.415042
10.030395
10.013488
10.461538
10.216377
10.051531
10.423497
10.229058
10.013487
10.144523
10.309370
10.114934
10.034621
10.182565
10.034623
10.127614
10.047304
10.051531
10.021940
10.423494
10.423495
10.212152
10.191018
10.309370
10.275554
10.326278
10.440403
10.486897
10.098025
10.026169
10.055758
10.064211
10.009261
10.072663
10.140293
10.216378
10.419270
10.571438
10.119162
10.368547
10.347412
10.465765
10.461537
10.038850
10.406589
10.377000
10.406589
10.499579
10.216379
10.250194
10.262875
10.157203
10.089572
10.119161
10.233286
10.431950
10.482673
10.030396
10.410815
10.254422
10.212152
10.021942
10.398134
10.051530
10.503806
10.427722
10.520714
10.009261
10.203698
10.322051
10.157202
10.093798
10.351641
10.030396
10.495352
10.381228
10.364320
10.322052
10.254420
10.229060
10.148747
10.148748
10.136067
10.157203
10.271329
10.279783
10.393908
10.478444
10.478444
10.059982
10.381227
10.436176
10.136068
10.546078
10.131842
10.402362
10.072665
10.212152
10.385454
10.512261
10.059984
10.355866
10.317824
10.453083
10.681335
10.047303
10.296689
10.689789
10.584119
10.584118
10.453084
10.833505
10.554529
10.017715
10.076892
10.702471
10.774327
10.871546
10.719378
10.601026
10.727831
10.524941
10.415042
10.351638
10.250195
10.241740
10.064211
10.419271
10.622160
10.524942
10.626386
10.398133
10.224833
10.639068
10.571438
10.377001
10.343184
10.059984
10.351640
10.271329
10.047303
10.444630
10.131841
10.245967
10.131842
10.377002
10.174111
10.377001
10.508035
10.229058
10.250193
10.059985
10.423496
10.410814
10.055757
10.355865
10.292462
10.038850
10.081118
10.119160
10.351640
10.005033
10.355866
10.195245
10.262876
10.098025
10.377001
10.351640
10.047304
10.191018
10.406590
10.119161
10.343184
10.292462
10.224831
10.165655
10.191016
10.389681
10.368547
10.051529
10.296690
10.377002
10.398134
10.127613
10.157202
10.343185
10.186791
10.030396
10.195244
10.410815
10.410815
10.461537
10.389680
10.541850
10.013489
10.207926
10.199471
10.338957
10.406589
10.322049
10.512260
10.250195
10.508033
10.161427
10.021942
10.469991
10.076891
10.558757
10.440403
10.026170
10.457312
10.478445
10.478445
10.423496
10.389681
10.381227
10.575665
10.114935
10.233286
10.533395
10.613707
10.524941
10.533395
10.152975
10.030396
10.068439
10.554529
10.508034
10.415042
10.491126
10.313596
10.203698
10.571437
10.072664
10.402362
10.267101
10.119160
10.093800
10.076891
10.461537
10.254420
10.131841
10.059984
10.465764
10.017715
10.085345
10.313597
10.102254
10.258648
10.089572
10.457311
10.309371
10.368547
10.254421
10.119161
10.423495
10.144522
10.224833
10.368547
10.305142
10.059984
10.034622
10.064211
10.486900
10.440404
10.148750
10.410816
10.013488
10.161429
10.296689
10.123385
10.068439
10.098027
10.431951
10.389682
10.114934
10.005034
10.131841
10.030395
10.419270
10.241740
10.288235
10.013489
10.245967
10.123386
10.415043
10.495353
10.199471
10.043076
10.161428
10.119162
10.279782
10.186791
10.131843
10.127615
10.089571
10.309370
10.034623
10.068437
10.444630
10.351638
10.233286
10.245967
10.123385
10.089573
10.216377
10.000806
10.093800
10.241739
10.279782
10.326277
10.351637
10.368547
10.330503
10.144521
10.254420
10.431949
10.402361
10.300916
10.224833
10.377001
10.524940
10.051528
10.059983
10.144521
10.431950
10.415043
10.305143
10.152976
10.169883
10.427723
10.309369
10.334732
10.385454
10.000809
10.106479
10.233288
10.347412
10.377001
10.106480
10.550303
10.541847
10.203699
10.377002
10.034623
10.241739
10.617933
10.584117
10.030396
10.317824
10.393908
10.512260
10.668655
10.723605
10.059984
10.114934
10.127614
10.085346
10.727832
10.030396
10.334731
10.694016
10.059984
10.461538
10.431952
10.258647
10.250194
10.017715
10.402362
10.444632
10.161430
10.110706
10.537621
10.212152
10.233286
10.558757
10.351638
10.262875
10.161429
10.169882
10.465765
10.461537
10.288237
10.529168
10.038851
10.123386
10.406590
10.152975
10.043076
10.161429
10.043077
10.093799
10.055758
10.271329
10.347411
10.174110
10.178338
10.098026
10.021942
10.423495
10.406590
10.250194
10.334732
10.017715
10.182564
10.440403
10.212151
10.351640
10.440403
10.508033
10.000809
10.250195
10.398133
10.047302
10.089572
10.152976
10.288236
10.258648
10.516486
10.114932
10.212152
10.216379
10.326279
10.368546
10.300917
10.360093
10.360091
10.275556
10.000808
10.533395
10.317824
10.034623
10.051532
10.161430
10.288236
10.326278
10.000807
10.119162
10.617933
10.076891
10.064212
10.064212
10.127614
10.102254
10.478447
10.038850
10.453085
10.393908
10.313598
10.034621
10.199471
10.216379
10.148748
10.127613
10.051531
10.216380
10.174109
10.254420
10.292463
10.288236
10.368546
10.241740
10.436177
10.296688
10.271329
10.165655
10.174109
10.068439
10.486899
10.220607
10.241741
10.127614
10.381228
10.338958
10.347412
10.106481
10.322052
10.009260
10.258648
10.207925
10.262876
10.436177
10.017715
10.169884
10.284009
10.110705
10.195244
10.338959
10.017716
10.267101
10.000809
10.279780
10.330504
10.245966
10.330504
10.275555
10.212152
10.144521
10.102253
10.000807
10.351637
10.469991
10.389681
10.081119
10.377000
10.389681
10.148748
10.098027
10.140293
10.220605
10.131842
10.110708
10.427724
10.152976
10.271328
10.064211
10.317823
10.089572
10.271329
10.157203
10.013489
10.174109
10.072664
10.098024
10.212152
10.317825
10.237513
10.567210
10.072665
10.529168
10.203698
10.000808
10.182564
10.478446
10.279782
10.461536
10.415043
10.309369
10.393907
10.343184
10.410815
10.309370
10.317822
10.127614
10.114933
10.140295
10.005035
10.098025
10.351639
10.072665
10.051531
10.081120
10.334734
10.165656
10.275556
10.322050
10.076891
10.453085
10.254421
10.123386
10.296690
10.550303
10.216379
10.089571
10.347412
10.372774
10.043077
10.275555
10.338959
10.398136
10.554529
10.706697
10.161429
10.296688
10.461537
10.330504
10.622160
10.017715
10.233287
10.672883
10.106480
10.119162
10.161428
10.220607
10.241740
10.148748
10.119160
10.271328
10.017716
10.169882
10.076891
10.009261
10.727832
10.782783
10.706697
10.664429
10.596799
10.617931
10.550303
10.529167
10.334732
10.377001
10.322050
10.136068
10.347413
10.503806
10.271327
10.326278
10.207925
10.203698
10.123387
10.660201
10.034623
10.655973
10.550303
10.541849
10.338958
10.402363
10.309369
10.279782
10.288237
10.076892
10.250194
10.064211
10.068438
10.245967
10.081119
10.478446
10.520714
10.491127
10.279782
10.182563
10.567211
10.579891
10.474218
10.207925
10.013489
10.524942
10.203698
10.098026
10.423496
10.216378
10.508034
10.431950
10.102253
10.119162
10.203699
10.165656
10.017715
10.347411
10.317823
10.402361
10.140295
10.313596
10.343184
10.330505
10.347412
10.123387
10.203698
10.279781
10.284008
10.043076
10.123387
10.055758
10.161429
10.300916
10.292464
10.152975
10.478446
10.119161
10.203697
10.309368
10.368548
10.474218
10.009262
10.191017
10.469992
10.043077
10.254420
10.360093
10.140294
10.267101
10.119160
10.005034
10.368546
10.085346
10.482672
10.431949
10.009262
10.013489
10.419270
10.398134
10.123386
10.017715
10.474219
10.250195
10.427724
10.038849
10.127615
10.207925
10.093799
10.089572
10.114933
10.165656
10.212152
10.131841
10.064211
10.106481
10.106479
10.250194
10.034622
10.123387
10.114934
10.136068
10.199471
10.250194
10.355866
10.343185
10.338959
10.300918
10.372773
10.495355
10.419270
10.537622
10.377001
10.089572
10.017715
10.347412
10.415042
10.241741
10.288236
10.338958
10.212151
10.275555
10.119160
10.178336
10.055757
10.064211
10.453086
10.110706
10.038849
10.085345
10.068436
10.051531
10.051530
10.165654
10.207925
10.309370
10.364318
10.009261
10.575664
10.448856
10.436175
10.013488
10.402360
10.322051
10.292462
10.410815
10.431949
10.186790
10.174109
10.212152
10.106480
10.212152
10.043076
10.212152
10.419269
10.131842
10.093799
10.165656
10.174109
10.009261
10.512260
10.317822
10.169884
10.288237
10.055757
10.372774
10.119160
10.131841
10.499579
10.415042
10.275555
10.529167
10.389682
10.360092
10.461539
10.254420
10.195245
10.009262
10.355866
10.051531
10.262875
10.123388
10.279781
10.051532
10.224833
10.123388
10.169882
10.169883
10.026169
10.402361
10.245968
10.038851
10.271328
10.377001
10.364321
10.326277
10.250194
10.317822
10.351640
10.017715
10.047303
10.207926
10.436176
10.174109
10.174109
10.030396
10.469992
10.051530
10.114933
10.000807
10.182564
10.520715
10.330504
10.385455
10.664430
10.195244
10.347413
10.453084
10.026170
10.131842
10.165656
10.305143
10.372774
10.448857
10.127615
10.216378
10.322051
10.271328
10.089572
10.431950
10.410816
10.491125
10.402362
10.102252
10.567210
10.461537
10.284008
10.469992
10.364321
10.212152
10.334732
10.068438
10.267102
10.871545
10.093800
10.102253
10.131841
10.694016
10.596798
10.681336
10.575665
10.524941
10.478446
10.233286
10.596799
10.360092
10.309372
10.224833
10.216378
10.174110
10.043077
10.508033
10.516488
10.554529
10.512260
10.410815
10.262875
10.300917
10.127614
10.161428
10.161430
10.529169
10.157202
10.127615
10.140295
10.275555
10.064211
10.554528
10.605251
10.567210
10.250195
10.123387
10.524941
10.503807
10.457312
10.169884
10.575665
10.415043
10.098026
10.064211
10.262874
10.093800
10.250194
10.305142
10.076891
10.338958
10.241740
10.423495
10.038849
10.182563
10.203698
10.216376
10.385453
10.427723
10.461537
10.431950
10.499579
10.419269
10.541848
10.199471
10.098025
10.021943
10.178337
10.123386
10.436177
10.089571
10.191017
10.030396
10.402363
10.026168
10.398134
10.436176
10.081120
10.322050
10.009262
10.017715
10.284007
10.360093
10.461538
10.030396
10.093799
10.093800
10.131841
10.245966
10.423496
10.114933
10.068438
10.161429
10.254420
10.541849
10.313598
10.393909
10.148748
10.444630
10.000809
10.465766
10.271329
10.355865
10.258647
10.313595
10.347412
10.516487
10.436176
10.444630
10.524941
10.436176
10.317824
10.296690
10.085345
10.059985
10.220604
10.169883
10.123387
10.110705
10.533394
10.351637
10.102253
10.457312
10.178337
10.313598
10.195243
10.351638
10.330505
10.360094
10.520716
10.284009
10.081120
10.182566
10.245967
10.009260
10.419270
10.271328
10.334731
10.322050
10.148749
10.068439
10.064210
10.220606
10.199472
10.402362
10.436176
10.106480
10.241741
10.486898
10.059984
10.271329
10.478445
10.262876
10.300916
10.360092
10.495354
10.584117
10.127614
10.254421
10.195246
10.030396
10.381228
10.457311
10.068438
10.013488
10.017715
10.296691
10.288237
10.174110
10.182563
10.203698
10.085346
10.186790
10.275555
10.322051
10.262876
10.186790
10.254420
10.305143
10.144524
10.191016
10.279781
10.127615
10.199471
10.182565
10.245968
10.305143
10.393908
10.453084
10.174111
10.047303
10.360091
10.478446
10.368547
10.529167
10.110706
10.119160
10.178337
10.161428
10.191017
10.347412
10.381228
10.427724
10.393908
10.254420
10.398135
10.465765
10.406589
10.326277
10.288236
10.385454
10.364320
10.410815
10.326277
10.237513
10.355866
10.203697
10.174109
10.072666
0.000000
0.000000
0.000000
0.000000
0.000000
0.000000
0.000000
0.000000
0.000000
0.000000
0.000000
0.000000
0.000000
0.000000
0.000000
0.000000
0.000000
0.000000
0.000000
0.000000
0.000000
0.000000
0.000000
0.000000
0.000000
0.000000
0.000000
0.000000
0.000000
0.000000
0.000000
0.000000
0.000000
