517.720398
1722.635010
3886.757080
4971.802734
5531.167480
6016.476074
6478.525391
6947.551270
7362.177734
8362.198242
9108.407227
9554.673828
10127.551758
10869.154297
11487.195312
12378.494141
13336.906250
14250.434570
14869.472656
15680.980469
17418.039062
17627.708984
18180.994141
18756.919922
19611.519531
20795.408203
21459.318359
22444.367188
24548.433594
25264.414062
26182.417969
27143.140625
27481.603516
28472.121094
28956.433594
29408.128906
29887.464844
31301.050781
32464.699219
33967.375000
34495.019531
34976.582031
0.000000
0.000000
0.000000
0.000000
0.000000
0.000000
0.000000
0.000000
0.000000
0.000000
0.000000
0.000000
0.000000
0.000000
0.000000
0.000000
0.000000
0.000000
0.000000
0.000000
0.000000
0.000000
0.000000
0.000000
0.000000
0.000000
0.000000
0.000000
0.000000
0.000000
0.000000
0.000000
0.000000
0.000000
0.000000
0.000000
0.000000
0.000000
0.000000
0.000000
0.000000
0.000000
0.000000
0.000000
0.000000
0.000000
0.000000
0.000000
0.000000
0.000000
0.000000
0.000000
0.000000
0.000000
0.000000
0.000000
0.000000
0.000000
