0.502485
0.502485
0.502485
0.502485
0.502485
0.502485
0.502485
0.502485
0.502485
0.502485
0.502485
0.502485
0.502485
0.502485
0.502485
0.502485
0.502485
0.502485
0.502485
0.502485
0.502485
0.502485
0.502485
0.502485
0.502485
0.502485
0.502485
0.502485
0.502485
0.502485
0.502485
0.502485
0.502485
0.502485
0.502485
0.502485
0.502485
0.502485
0.502485
0.502485
0.502485
0.502485
0.502485
0.502485
0.502485
0.502485
0.502485
0.502485
0.502485
0.502485
0.502485
0.502485
0.502485
0.502485
0.502485
0.502485
0.502485
0.502485
0.502485
0.502485
0.502485
0.512629
0.512629
0.522829
0.522829
0.522829
0.533011
0.533011
0.543253
0.543253
0.553638
0.553638
0.563703
0.563703
0.573750
0.573750
0.573750
0.583814
0.583814
0.593895
0.695190
0.695190
0.695190
0.695190
0.695190
0.695190
0.695190
0.695190
0.695190
0.695190
0.695190
0.695190
0.695190
0.695190
0.695190
0.695190
0.695190
0.695190
0.695190
0.695190
0.695190
0.695190
0.695190
0.695190
0.695190
0.695190
0.695190
0.695190
0.700000
0.700000
0.700000
0.700000
0.700000
0.700000
0.700000
0.700000
0.700000
0.700000
0.700000
0.700000
0.700000
0.700000
0.700000
0.700000
0.700000
0.700000
0.700000
0.700000
0.700000
0.700000
0.700000
0.700000
0.700000
0.700000
0.700000
0.700000
0.700000
0.700000
0.700000
0.700000
0.700000
0.700000
0.700000
0.700000
0.700000
0.700000
0.700000
0.700000
0.700000
0.700000
0.700000
0.700000
0.700000
0.700000
0.700000
0.700000
0.700000
0.700000
0.700000
0.700000
0.700000
0.700000
0.700000
0.700000
0.700000
0.700000
0.700000
0.700000
0.700000
0.700000
0.700000
0.700000
0.700000
0.700000
0.700000
0.700000
0.700000
0.700000
0.700000
0.700000
0.700000
0.700000
0.700000
0.700000
0.629654
0.629654
0.624620
0.619577
0.619577
0.614545
0.560395
0.560395
0.531098
0.517436
0.517436
0.511314
0.511314
0.508384
0.506553
0.506553
0.505606
0.505606
0.505106
0.505106
0.504694
0.504694
0.504213
0.503964
0.503964
0.503875
0.503875
0.503875
0.503875
0.503875
0.503875
0.503875
0.503875
0.503875
0.503875
0.503875
0.503875
0.503875
0.503875
0.503875
0.503875
0.503875
0.503875
0.503875
0.503875
0.503875
0.503875
0.503875
0.503875
0.503875
0.503875
0.503875
0.503875
0.503875
0.503875
0.503875
0.503875
0.503875
0.503875
0.503875
0.503875
0.503875
0.503875
0.503875
0.503875
0.503875
0.503875
0.503875
0.503875
0.503875
0.503875
0.503875
0.503875
0.503875
0.503875
0.503875
0.503875
0.503875
0.503875
0.503875
0.503875
0.503875
0.503875
0.503875
0.503875
0.503875
0.503875
0.503875
0.519487
0.519487
0.515483
0.515483
0.512005
0.512005
0.512005
0.510352
0.510352
0.508837
0.508837
0.508837
0.508837
0.508837
0.508837
0.508837
0.508837
0.508837
0.508837
0.508837
0.508837
0.508837
0.508837
0.508837
0.508837
0.508837
0.508837
0.508837
0.508837
0.508837
0.508837
0.508837
0.508837
0.508837
0.508837
0.508837
0.508837
0.508837
0.508837
0.508837
0.508837
0.508837
0.508837
0.508837
0.508837
0.508837
0.508837
0.508837
0.508837
0.508837
0.508837
0.508837
0.508837
0.508837
0.508837
0.508837
0.508837
0.508837
0.508837
0.508837
0.508837
0.508837
0.508837
0.508837
0.508837
0.508837
0.508837
0.508837
0.508837
0.508837
0.508837
0.508837
0.508837
0.515002
0.515002
0.515002
0.515002
0.515002
0.515002
0.515002
0.515002
0.515002
0.515002
0.515002
0.515002
0.515002
0.515002
0.515002
0.515002
0.515002
0.515002
0.515002
0.515002
0.515002
0.515002
0.515002
0.515002
0.515002
0.515002
0.515002
0.515002
0.515002
0.515002
0.515002
0.515002
0.515002
0.515002
0.515002
0.515002
0.515002
0.515002
0.515002
0.515002
0.515002
0.515002
0.515002
0.515002
0.515002
0.515002
0.515002
0.515002
0.515002
0.515002
0.515002
0.515002
0.515002
0.515002
0.515002
0.515002
0.515002
0.515002
0.515002
0.515002
0.515002
0.515002
0.515002
0.515002
0.515002
0.515002
0.515002
0.515002
0.515002
0.515002
0.515002
0.515002
0.515002
0.515002
0.515002
0.505559
0.505559
0.505465
0.505465
0.505066
0.505066
0.505066
0.505066
0.505066
0.505066
0.505066
0.505066
0.505066
0.505066
0.505066
0.505066
0.505066
0.505066
0.505066
0.505066
0.505066
0.505066
0.505066
0.505066
0.505066
0.505066
0.505066
0.505066
0.505066
0.505066
0.505066
0.505066
0.505066
0.505066
0.505066
0.505066
0.505066
0.505066
0.505066
0.505066
0.505066
0.505066
0.505066
0.505066
0.505066
0.505066
0.505066
0.505066
0.505066
0.505066
0.505066
0.505066
0.505066
0.505066
0.505066
0.505066
0.505066
0.505066
0.505066
0.505066
0.505066
0.505066
0.505066
0.505066
0.505066
0.505066
0.505066
0.505066
0.505066
0.505066
0.505066
0.505066
0.505066
0.505066
0.505066
0.505066
0.505066
0.505066
0.505066
0.505066
0.505066
0.505066
0.505066
0.505066
0.505066
0.505066
0.505066
0.505066
0.505066
0.505066
0.505066
0.505066
0.505066
0.505066
0.505066
0.505066
0.505066
0.505066
0.505066
0.505277
0.505277
0.505277
0.500000
0.500000
0.500000
0.500000
0.500000
0.500000
0.500000
0.500000
0.500000
0.500000
0.500000
0.500000
0.500000
0.500000
0.500000
0.500000
0.500000
0.500000
0.500000
0.500000
0.500000
0.500000
0.500000
0.500000
0.500000
0.500000
0.500000
0.500000
0.500000
0.500000
0.500000
0.500000
0.500000
0.500000
0.500000
0.500000
0.500000
0.500000
0.500000
0.500000
0.500000
0.500000
0.506777
0.506777
0.506777
0.506777
0.506777
0.506777
0.506777
0.506777
0.506777
0.506777
0.506777
0.506777
0.506777
0.506777
0.506777
0.506777
0.506777
0.506777
0.506777
0.506777
0.506777
0.506777
0.506777
0.506777
0.506777
0.506777
0.506777
0.506777
0.506777
0.506777
0.506777
0.506777
0.506777
0.506777
0.506777
0.506777
0.506777
0.506777
0.506777
0.506777
0.506777
0.506777
0.506777
0.506777
0.506777
0.506777
0.506777
0.506777
0.506777
0.506777
0.506777
0.506777
0.506777
0.506777
0.506777
0.506777
0.506777
0.506777
0.506777
0.506777
0.506777
0.506777
0.506777
0.506777
0.506777
0.506777
0.506777
0.506777
0.506777
0.506777
0.506777
0.506777
0.506777
0.506777
0.506777
0.506777
0.506777
0.506777
0.506777
0.506777
0.506777
0.506777
0.506777
0.506777
0.506777
0.506777
0.506777
0.506777
0.506777
0.506777
0.506777
0.516934
0.516934
0.527303
0.527303
0.537515
0.537515
0.537515
0.547702
0.547702
0.557922
0.557922
0.568109
0.568109
0.578342
0.578342
0.588635
0.588635
0.598995
0.598995
0.700000
0.700000
0.700000
0.700000
0.700000
0.700000
0.700000
0.700000
0.700000
0.700000
0.700000
0.700000
0.700000
0.700000
0.700000
0.700000
0.700000
0.700000
0.700000
0.700000
0.700000
0.700000
0.700000
0.700000
0.700000
0.628878
0.628878
0.623694
0.618516
0.618516
0.613285
0.608038
0.608038
0.571381
0.550083
0.550083
0.536931
0.529287
0.524285
0.524285
0.519703
0.516343
0.516343
0.513699
0.512857
0.512857
0.512857
0.512857
0.512857
0.512857
0.512857
0.512857
0.512857
0.512857
0.512857
0.512857
0.512857
0.512857
0.512857
0.512857
0.512857
0.512857
0.512857
0.512857
0.512857
0.512857
0.512857
0.512857
0.512857
0.512857
0.512857
0.512857
0.512857
0.512857
0.512857
0.512857
0.512857
0.512857
0.512857
0.512857
0.512857
0.512857
0.512857
0.512857
0.512857
0.512857
0.512857
0.512857
0.512857
0.512857
0.512857
0.512857
0.512857
0.512857
0.512857
0.512857
0.512857
0.512857
0.512857
0.512857
0.512857
0.512857
0.512857
0.515582
0.515582
0.515582
0.515582
0.515582
0.515582
0.515582
0.515582
0.515582
0.515582
0.515582
0.515582
0.515582
0.515582
0.515582
0.515582
0.515582
0.515582
0.515582
0.515582
0.515582
0.515582
0.515582
0.515582
0.515582
0.515582
0.515582
0.515582
0.515582
0.515582
0.515582
0.515582
0.515582
0.515582
0.515582
0.515582
0.515582
0.515582
0.515582
0.515582
0.515582
0.515582
0.515582
0.515582
0.515582
0.515582
0.515582
0.515582
0.515582
0.515582
0.515582
0.515582
0.515582
0.515582
0.515582
0.515582
0.515582
0.515582
0.526044
0.536471
0.536471
0.546476
0.546476
0.646891
0.646891
0.646891
0.646891
0.646891
0.646891
0.646891
0.646891
0.646891
0.646891
0.646891
0.646891
0.646891
0.646891
0.646891
0.646891
0.577019
0.577019
0.571784
0.571784
0.566758
0.561739
0.561739
0.556496
0.551480
0.551480
0.546469
0.546469
0.541444
0.536418
0.536418
0.531382
0.531382
0.526295
0.521269
0.521269
0.516175
0.516175
0.511139
0.506018
0.506018
0.506018
0.506018
0.506018
0.506018
0.506018
0.506018
0.506018
0.506018
0.506018
0.506018
0.506018
0.506018
0.506018
0.506018
0.506018
0.506018
0.506018
0.506018
0.506018
0.506018
0.506018
0.506018
0.506018
0.506018
0.506018
0.506018
0.506018
0.506018
0.506018
0.506018
0.506018
0.506018
0.506018
0.506018
0.506018
0.506018
0.506018
0.506018
0.506018
0.506018
0.506018
0.506018
0.506018
0.506018
0.506018
0.506018
0.506018
0.506018
0.506018
0.506018
0.506018
0.506018
0.506018
0.506018
0.506018
0.506018
0.506018
0.506018
0.506018
0.506018
0.507653
0.507653
0.507653
0.507653
0.507653
0.507653
0.507653
0.507653
0.507653
0.507653
0.507653
0.507653
0.507653
0.507653
0.507653
0.507653
0.507653
0.507653
0.507653
0.507653
0.507653
0.507653
0.507653
0.507653
0.507653
0.507653
0.507653
0.507653
0.507653
0.507653
0.507653
0.507653
0.507653
0.507653
0.507653
0.507653
0.507653
0.507653
0.507653
0.507653
0.507653
0.507653
0.507653
0.507653
0.507653
0.507653
0.507653
0.507653
0.507653
0.507653
0.507653
0.507653
0.507653
0.507653
0.507653
0.507653
0.507653
0.507653
0.507653
0.507653
0.507653
0.507653
0.507653
0.507653
0.507653
0.507653
0.507653
0.507653
0.503615
0.503615
0.503615
0.503615
0.503615
0.503615
0.503615
0.503615
0.503615
0.503615
0.503615
0.503615
0.503615
0.503615
0.503615
0.503615
0.503615
0.503615
0.503615
0.503615
0.503615
0.503615
0.503615
0.503615
0.503615
0.503615
0.503615
0.503615
0.503615
0.503615
0.503615
0.503615
0.503615
0.503615
0.503615
0.503615
0.503615
0.503615
0.503615
0.503615
0.503615
0.503615
0.503615
0.503615
0.503615
0.503615
0.503615
0.503615
0.503615
0.503615
0.503615
0.503615
0.503615
0.503615
0.503615
0.503615
0.503615
0.503615
0.503615
0.503615
0.503615
0.503615
0.503615
0.503615
0.503615
0.503615
0.503615
0.503615
0.514047
0.514047
0.514047
0.524399
0.524399
0.534729
0.534729
0.545098
0.545098
0.555217
0.555217
0.565700
0.565700
0.565700
0.575912
0.575912
0.586179
0.586179
0.596560
0.596560
0.606628
0.606628
0.700000
0.700000
0.700000
0.700000
0.700000
0.700000
0.700000
0.700000
0.700000
0.700000
0.700000
0.700000
0.700000
0.700000
0.700000
0.700000
0.700000
0.700000
0.700000
0.700000
0.700000
0.700000
0.700000
0.700000
0.700000
0.700000
0.700000
0.700000
0.700000
0.700000
0.700000
0.700000
0.700000
0.700000
0.700000
0.700000
0.700000
0.700000
0.700000
0.700000
0.700000
0.700000
0.700000
0.700000
0.700000
0.700000
0.700000
0.700000
0.700000
0.700000
0.700000
0.700000
0.700000
0.700000
0.700000
0.700000
0.700000
0.700000
0.700000
0.700000
0.700000
0.700000
0.700000
0.700000
0.700000
0.700000
0.700000
0.700000
0.700000
0.700000
0.700000
0.700000
0.700000
0.700000
0.700000
0.700000
0.700000
0.700000
0.700000
0.700000
0.700000
0.700000
0.700000
0.700000
0.700000
0.700000
0.700000
0.700000
0.700000
0.700000
0.700000
0.700000
0.629100
0.624032
0.624032
0.618959
0.613798
0.613798
0.608707
0.603578
0.603578
0.598470
0.593330
0.593330
0.588207
0.588207
0.583168
0.532547
0.532547
0.514382
0.508156
0.508156
0.504894
0.504894
0.503535
0.503535
0.502538
0.502006
0.502006
0.501611
0.501611
0.501395
0.501395
0.501354
0.501354
0.501354
0.501354
0.501354
0.501354
0.501354
0.501354
0.501354
0.501354
0.501354
0.501354
0.501354
0.501354
0.501354
0.501354
0.501354
0.501354
0.501354
0.501354
0.501354
0.501354
0.501354
0.501354
0.501354
0.501354
0.501354
0.501354
0.501354
0.501354
0.501354
0.501354
0.501354
0.501354
0.501354
0.501354
0.501354
0.501354
0.501354
0.501354
0.501354
0.501354
0.501354
0.501354
0.501354
0.501354
0.501354
0.501354
0.501354
0.501354
0.501354
0.501354
0.501354
0.501354
0.501354
0.501354
0.501354
0.501354
0.501354
0.501354
0.501354
0.501354
0.501354
0.501354
0.501354
0.501354
0.501354
0.508322
0.508322
0.508322
0.508322
0.508322
0.508322
0.508322
0.508322
0.508322
0.508322
0.508322
0.508322
0.508322
0.508322
0.508322
0.508322
0.508322
0.508322
0.508322
0.508322
0.508322
0.508322
0.508322
0.508322
0.508322
0.508322
0.508322
0.508322
0.508322
0.508322
0.508322
0.508322
0.508322
0.508322
0.508322
0.508322
0.508322
0.508322
0.508322
0.508322
0.508322
0.508322
0.508322
0.508322
0.508322
0.508322
0.508322
0.508322
0.508322
0.508322
0.508322
0.508322
0.508322
0.508322
0.508322
0.508322
0.508322
0.508322
0.508322
0.508322
0.508322
0.508322
0.508322
0.508322
0.508322
0.508322
0.508322
0.508322
0.508322
0.508322
0.508322
0.512364
0.512364
0.512364
0.512364
0.512364
0.512364
0.512364
0.512364
0.512364
0.512364
0.512364
0.512364
0.512364
0.512364
0.512364
0.512364
0.512364
0.512364
0.512364
0.512364
0.512364
0.512364
0.512364
0.512364
0.512364
0.512364
0.512364
0.512364
0.512364
0.512364
0.512364
0.512364
0.512364
0.512364
0.512364
0.512364
0.512364
0.512364
0.512364
0.512364
0.512364
0.512364
0.512364
0.512364
0.512364
0.512364
0.512364
0.512364
0.512364
0.512364
0.512364
0.512364
0.515268
0.515268
0.515268
0.515268
0.515268
0.515268
0.515268
0.515268
0.515268
0.515268
0.515268
0.515268
0.515268
0.515268
0.515268
0.515268
0.515268
0.515268
0.515268
0.515268
0.515268
0.515268
0.515268
0.515268
0.515268
0.515268
0.515268
0.515268
0.515268
0.515268
0.515268
0.515268
0.515268
0.515268
0.515268
0.515268
0.515268
0.515268
0.515268
0.515268
0.515268
0.515268
0.515268
0.515268
0.515268
0.515268
0.515268
0.515268
0.515268
0.515268
0.515268
0.515268
0.515268
0.515268
0.515268
0.515268
0.515268
0.515268
0.515268
0.515268
0.515268
0.514993
0.514993
0.507038
0.507038
0.504667
0.504667
0.503664
0.503664
0.503257
0.502903
0.502903
0.502680
0.502680
0.502485
0.502485
0.502485
0.502485
0.502485
0.502485
0.502485
0.502485
0.502485
0.502485
0.502485
0.502485
0.502485
0.502485
