0.000088
0.000379
0.000395
0.000352
0.000263
-0.000067
0.000082
0.000190
-0.000073
0.000061
0.000110
0.000039
0.000069
-0.000154
-0.000146
-0.000231
-0.000271
-0.000404
-0.000179
-0.000054
0.000078
0.000193
0.000289
0.000435
0.000429
0.000183
0.000096
0.000025
-0.000020
-0.000226
-0.000206
-0.000345
-0.000489
-0.000375
-0.000112
-0.000092
-0.000064
-0.000077
-0.000072
-0.000210
0.000056
0.000617
0.001623
0.003209
0.006643
0.013986
0.027852
0.045922
0.063703
0.080959
0.095138
0.105194
0.114214
0.115220
0.116841
0.107618
0.094345
0.073414
0.061778
0.052319
0.044704
0.035332
0.029675
0.024671
0.022459
0.021071
0.021350
0.020743
0.019667
0.017135
0.015541
0.013933
0.011539
0.009186
0.007581
0.005326
0.004306
0.004302
0.004398
0.004819
0.004886
0.004709
0.004003
0.003272
0.002996
0.002619
0.001938
0.001252
0.000738
0.000585
0.000365
0.000207
0.000226
0.000221
0.000503
0.000379
0.000148
-0.000033
-0.000070
0.000038
0.000106
0.000005
-0.000404
-0.000890
-0.000592
0.000378
0.000190
0.000186
0.000349
0.000554
0.000506
0.000853
0.000925
0.000667
0.000594
0.000566
0.000308
0.000036
-0.000074
-0.000030
-0.000279
-0.000518
-0.000662
-0.000821
-0.000519
0.000067
-0.000057
-0.000136
-0.000304
-0.000036
0.000219
0.000472
0.000780
0.000713
0.000741
0.000688
0.000559
0.000398
0.000160
-0.000016
-0.000114
-0.000274
-0.000411
-0.000589
-0.000687
-0.000810
-0.000809
-0.000760
-0.000623
-0.000371
-0.000313
-0.000222
-0.000060
-0.000062
-0.000070
-0.000220
-0.000391
-0.000025
0.000143
0.000255
-0.000696
-0.002276
-0.004430
-0.007816
-0.013404
-0.023235
-0.035681
-0.048799
-0.059347
-0.064333
-0.065192
-0.060953
-0.050600
-0.034048
-0.018337
-0.004280
0.006313
0.013228
0.018103
0.021497
0.022043
0.021596
0.019779
0.017788
0.017951
0.018371
0.018295
0.018029
0.017900
0.017620
0.016541
0.017960
0.017991
0.020227
0.020894
0.019890
0.017855
0.015551
0.011742
0.009226
0.007450
0.006867
0.006925
0.006325
0.005190
0.004878
0.004188
0.003716
0.003129
0.002417
0.001817
0.000922
0.000396
0.000318
0.000207
0.000232
0.000056
-0.000005
0.000011
0.000054
0.000089
0.000130
0.000201
0.000205
0.000213
0.000016
-0.000131
0.000022
0.000087
0.000102
0.000338
0.000548
0.000725
0.000936
0.000727
0.000724
0.000849
0.000658
0.000686
0.000508
0.000352
0.000249
0.000184
0.000067
-0.000015
0.000026
0.000086
-0.000082
-0.000139
-0.000194
-0.000095
-0.000009
-0.000047
0.000105
0.000147
0.000192
0.000238
0.000048
0.000018
-0.000221
-0.000242
-0.000267
-0.000412
-0.000618
-0.000699
-0.000490
-0.000170
-0.000027
-0.000010
-0.000056
0.000030
0.000283
0.000482
0.000768
0.000598
0.000479
0.000536
0.000335
0.000255
0.000081
-0.000042
-0.000116
-0.000389
-0.000463
-0.000639
-0.000685
-0.000673
-0.000561
-0.000293
-0.001718
-0.002329
-0.001146
0.000086
0.000385
0.000418
0.000727
0.000683
0.000591
0.000561
0.000107
-0.000018
0.000124
-0.000002
-0.000051
-0.000107
-0.000088
-0.000123
-0.000153
-0.000375
-0.000586
-0.000650
-0.000340
-0.000090
-0.000000
-0.000152
-0.000088
-0.000045
0.000111
0.000467
0.000493
0.000519
0.000586
0.000451
0.000189
0.000048
0.000017
0.000003
-0.000022
-0.000221
-0.000486
-0.000387
-0.000182
-0.000115
0.000019
-0.000051
-0.000048
-0.000037
-0.000009
-0.000069
-0.000196
-0.000157
-0.000118
-0.000197
-0.000338
-0.000362
-0.000301
-0.000312
-0.000458
-0.000627
-0.000863
-0.000676
-0.000489
-0.000381
-0.000431
-0.000459
-0.000328
-0.000162
0.000168
0.000352
0.000432
0.000536
0.000561
0.000541
0.000453
0.000354
0.000179
0.000488
0.000922
0.002097
0.003743
0.005637
0.008246
0.011196
0.013907
0.018316
0.019974
0.023764
0.024485
0.023969
0.023003
0.023098
0.023159
0.024477
0.026705
0.029208
0.031571
0.033216
0.034001
0.033138
0.030380
0.024633
0.017165
0.008168
-0.002962
-0.016141
-0.030691
-0.042978
-0.048183
-0.050999
-0.051656
-0.052303
-0.049661
-0.043936
-0.034175
-0.026221
-0.018313
-0.011371
-0.005314
-0.000677
0.002059
0.003719
0.004118
0.003622
0.002677
0.000933
-0.001336
-0.003413
-0.005259
-0.005892
-0.005791
-0.005131
-0.004306
-0.003387
-0.002898
-0.003280
-0.002860
-0.002269
-0.002136
-0.002270
-0.002194
-0.001493
-0.000785
-0.000490
-0.000215
-0.000451
-0.000393
-0.000103
-0.000348
-0.000134
-0.000085
-0.000115
-0.000170
-0.000069
-0.000045
-0.000118
-0.000102
-0.000174
-0.000344
-0.000410
-0.000768
-0.001041
-0.000630
-0.000104
0.000236
0.000912
0.000501
0.000385
0.000333
0.000503
0.000383
0.000126
0.000163
0.000117
0.000134
-0.000056
0.000091
0.000122
0.000101
0.000153
0.000147
0.000225
0.000340
0.000339
0.000825
0.001993
0.003897
0.006823
0.010405
0.015087
0.021662
0.028267
0.035389
0.040231
0.044146
0.046182
0.049955
0.050366
0.052357
0.051260
0.048942
0.048523
0.045778
0.044403
0.045447
0.048285
0.048660
0.050054
0.048689
0.046576
0.049572
0.052339
0.055663
0.054912
0.052420
0.052723
0.053265
0.052789
0.050716
0.052060
0.049646
0.048415
0.040853
0.028790
0.017756
0.007934
-0.001795
-0.010868
-0.018158
-0.025258
-0.031202
-0.036593
-0.040692
-0.043563
-0.045333
-0.045624
-0.044699
-0.042917
-0.042790
-0.040722
-0.041373
-0.041303
-0.040859
-0.037853
-0.032201
-0.024541
-0.015764
-0.004247
0.006157
0.016835
0.024284
0.032482
0.037485
0.040790
0.042747
0.043016
0.041873
0.039831
0.038661
0.037942
0.038570
0.039318
0.041728
0.042150
0.042277
0.042207
0.041110
0.041252
0.038181
0.033418
0.027257
0.019099
0.009745
-0.001440
-0.012871
-0.023593
-0.033705
-0.042461
-0.048749
-0.050044
-0.054145
-0.052984
-0.049367
-0.045628
-0.044068
-0.039674
-0.035437
-0.030972
-0.026083
-0.022397
-0.015389
-0.009481
-0.003732
0.000772
0.004821
0.009557
0.013966
0.018065
0.022705
0.028393
0.035722
0.041099
0.045264
0.048084
0.052090
0.051664
0.050317
0.050506
0.046158
0.043235
0.040312
0.037923
0.035084
0.031742
0.029134
0.023056
0.015788
0.007109
-0.000579
-0.007575
-0.014145
-0.018969
-0.024611
-0.031612
-0.038407
-0.043988
-0.046055
-0.049270
-0.053746
-0.054703
-0.054375
-0.051959
-0.050205
-0.042217
-0.036450
-0.028962
-0.019296
-0.008397
0.000936
0.008917
0.015166
0.020388
0.025923
0.030240
0.033894
0.036562
0.038111
0.038186
0.038028
0.040354
0.041564
0.042266
0.043261
0.044089
0.044299
0.044317
0.044073
0.044107
0.044202
0.044644
0.039570
0.032254
0.019901
0.008413
-0.003342
-0.013843
-0.021751
-0.027429
-0.031261
-0.034648
-0.037975
-0.041017
-0.043082
-0.043833
-0.044643
-0.047452
-0.047929
-0.049296
-0.050493
-0.051128
-0.049975
-0.044916
-0.035577
-0.025908
-0.014688
-0.004232
0.005944
0.016232
0.024287
0.031678
0.038373
0.043998
0.048115
0.050431
0.050895
0.049478
0.049379
0.045551
0.042930
0.043712
0.042208
0.041735
0.038930
0.037350
0.037022
0.038901
0.040969
0.045922
0.050421
0.052551
0.057165
0.058031
0.060354
0.060992
0.061014
0.057905
0.055864
0.049569
0.044950
0.037320
0.030074
0.023641
0.018084
0.013569
0.009591
0.007339
0.006937
0.006475
0.006525
0.007007
0.007568
0.007480
0.007365
0.006701
0.005003
0.004996
0.005647
0.005592
0.005732
0.005524
0.004793
0.003967
0.002983
0.001988
0.000709
-0.000218
-0.000555
-0.000654
-0.000410
-0.000470
-0.000276
-0.000329
-0.000194
0.000019
-0.000425
0.001298
0.003711
0.007509
0.011623
0.014734
0.018503
0.023030
0.028181
0.032060
0.038217
0.043923
0.048851
0.051808
0.053357
0.054884
0.055855
0.058763
0.060071
0.055485
0.050852
0.050033
0.049079
0.045325
0.042354
0.042753
0.041397
0.040591
0.041576
0.042126
0.046409
0.051916
0.053051
0.058135
0.058945
0.058646
0.058484
0.058763
0.061913
0.061326
0.059949
0.056586
0.052303
0.048898
0.046870
0.047391
0.049063
0.050219
0.051295
0.051705
0.051385
0.052319
0.053958
0.054716
0.056388
0.056425
0.055140
0.055410
0.055156
0.052935
0.048044
0.041224
0.029522
0.017948
0.003906
-0.011285
-0.024404
-0.033597
-0.043502
-0.051846
-0.057853
-0.064663
-0.062515
-0.063354
-0.065776
-0.064198
-0.061709
-0.057813
-0.057002
-0.054639
-0.053627
-0.057763
-0.060422
-0.064072
-0.070046
-0.078394
-0.084411
-0.087228
-0.084259
-0.070809
-0.055504
-0.034310
-0.014182
0.005281
0.023042
0.037847
0.049638
0.057828
0.063666
0.070343
0.069279
0.063757
0.052538
0.039355
0.027037
0.015088
0.003735
-0.006553
-0.016308
-0.025265
-0.034288
-0.043788
-0.048872
-0.058256
-0.066172
-0.069769
-0.069992
-0.061978
-0.054998
-0.040335
-0.025812
-0.009703
0.005469
0.018686
0.031338
0.039079
0.048526
0.051754
0.049825
0.050252
0.050631
0.050381
0.051914
0.049847
0.041124
0.033298
0.023851
0.012782
-0.001001
-0.016947
-0.029165
-0.042823
-0.050645
-0.060673
-0.066356
-0.071041
-0.068387
-0.066118
-0.055117
-0.037988
-0.020474
-0.003631
0.010288
0.022142
0.030719
0.036163
0.039290
0.040741
0.042646
0.044925
0.046860
0.048024
0.048124
0.048929
0.044471
0.036552
0.027838
0.018347
0.005834
-0.010461
-0.025610
-0.040019
-0.052292
-0.061400
-0.074341
-0.077986
-0.075720
-0.070877
-0.060272
-0.045140
-0.025975
-0.006630
0.010907
0.026400
0.039437
0.046157
0.050830
0.052283
0.051807
0.052619
0.052335
0.049568
0.045835
0.042476
0.034812
0.025203
0.015839
0.007031
-0.003501
-0.016065
-0.030086
-0.039986
-0.048967
-0.057764
-0.062935
-0.064083
-0.065736
-0.068846
-0.066454
-0.065555
-0.061089
-0.058124
-0.061421
-0.061994
-0.066217
-0.070795
-0.075399
-0.080251
-0.083613
-0.082762
-0.080342
-0.073109
-0.062756
-0.055815
-0.049637
-0.038924
-0.032814
-0.026427
-0.018419
-0.012255
-0.008739
-0.006208
-0.004319
-0.003664
-0.003736
-0.005152
-0.008324
-0.012884
-0.016924
-0.023165
-0.032623
-0.039492
-0.050346
-0.054577
-0.059957
-0.062792
-0.064564
-0.067169
-0.063039
-0.058006
-0.052587
-0.048144
-0.044806
-0.041488
-0.038889
-0.037668
-0.040272
-0.044570
-0.049430
-0.054722
-0.060462
-0.063983
-0.065034
-0.062731
-0.055088
-0.047626
-0.038350
-0.027983
-0.017758
-0.010242
-0.005188
-0.001368
0.000057
-0.000419
-0.001710
-0.003485
-0.005528
-0.007241
-0.008253
-0.008161
-0.007772
-0.007401
-0.007075
-0.006022
-0.004484
-0.003495
-0.002760
-0.001938
-0.001558
-0.001226
-0.001077
-0.000717
-0.000327
-0.000393
-0.000598
-0.000747
-0.000906
-0.001027
-0.001095
-0.001132
-0.000834
-0.001073
-0.001193
-0.001733
-0.002250
-0.003075
-0.001409
0.002472
0.007904
0.014203
0.022201
0.030789
0.039660
0.048380
0.052593
0.058273
0.062836
0.065414
0.071760
0.074079
0.075322
0.079347
0.077116
0.073509
0.068359
0.062679
0.061656
0.056676
0.055672
0.050444
0.046608
0.038266
0.034529
0.027971
0.021053
0.014848
0.011473
0.010753
0.010616
0.010633
0.010550
0.010110
0.009520
0.008851
0.008209
0.007457
0.006129
0.006725
0.007190
0.007974
0.007651
0.006709
0.004594
0.002633
0.000703
-0.001249
-0.002313
-0.002639
-0.002579
-0.002616
-0.002327
-0.002291
-0.001874
-0.001694
-0.001902
-0.001674
-0.001762
-0.002347
-0.004079
-0.006861
-0.010704
-0.014620
-0.020549
-0.027726
-0.036215
-0.043470
-0.050017
-0.054429
-0.057163
-0.058047
-0.058448
-0.060827
-0.057792
-0.053679
-0.049576
-0.045128
-0.042542
-0.039674
-0.036405
-0.033082
-0.028209
-0.020131
-0.007954
0.006305
0.021658
0.035070
0.050622
0.066062
0.082966
0.087536
0.093360
0.095390
0.090414
0.073883
0.059314
0.043196
0.027501
0.014273
0.004709
-0.001342
-0.004581
-0.004775
-0.003008
0.000029
0.002922
0.005768
0.008687
0.011097
0.013057
0.012964
0.011280
0.009588
0.007439
0.005409
0.004142
0.002958
0.002126
0.001520
0.000778
-0.000051
-0.001132
-0.002906
-0.005485
-0.008954
-0.013908
-0.019550
-0.027530
-0.036174
-0.045387
-0.054546
-0.059227
-0.069270
-0.078411
-0.082346
-0.084708
-0.083655
-0.079096
-0.075533
-0.068875
-0.067716
-0.063848
-0.061932
-0.061337
-0.062048
-0.063257
-0.062983
-0.066971
-0.072428
-0.076518
-0.078024
-0.073958
-0.062977
-0.054212
-0.044708
-0.033482
-0.021128
-0.014505
-0.009834
-0.006880
-0.005617
-0.005489
-0.006766
-0.009237
-0.012115
-0.014998
-0.019078
-0.022972
-0.026221
-0.027001
-0.026754
-0.024178
-0.020434
-0.017047
-0.014526
-0.012039
-0.010451
-0.010031
-0.010190
-0.011255
-0.012678
-0.014291
-0.015500
-0.016108
-0.016048
-0.015970
-0.015396
-0.014968
-0.014420
-0.013988
-0.013606
-0.013260
-0.012579
-0.012268
-0.012254
-0.011706
-0.012353
-0.011743
-0.011912
-0.012131
-0.012661
-0.013112
-0.013612
-0.013921
-0.013858
-0.013343
-0.012646
-0.012018
-0.011596
-0.011502
-0.011238
-0.011044
-0.011022
-0.010703
-0.010458
-0.010671
-0.011312
-0.012795
-0.014346
-0.015802
-0.017322
-0.018572
-0.019231
-0.019801
-0.018151
-0.016124
-0.014211
-0.012248
-0.010476
-0.008083
-0.006351
-0.005750
-0.005675
-0.006419
-0.008485
-0.010520
-0.012694
-0.016030
-0.020152
-0.026861
-0.036305
-0.047945
-0.060749
-0.074873
-0.085951
-0.101605
-0.113940
-0.127582
-0.130105
-0.126581
-0.126580
-0.124314
-0.115964
-0.109030
-0.106912
-0.110258
-0.113583
-0.129972
-0.147568
-0.164824
-0.159182
-0.153897
-0.139916
-0.101505
-0.077097
-0.058236
-0.036169
-0.011984
0.005012
0.011823
0.013252
0.009377
0.002900
-0.002408
-0.006691
-0.010479
-0.010963
-0.009070
-0.005196
-0.000360
0.004756
0.009574
0.013229
0.014997
0.014938
0.013311
0.011093
0.009824
0.009659
0.009759
0.010399
0.012141
0.014034
0.015464
0.016934
0.018550
0.021105
0.022925
0.024358
0.027845
0.030914
0.035091
0.038952
0.044074
0.055800
0.065849
0.075670
0.090262
0.104656
0.121719
0.140384
0.146434
0.136400
0.121647
0.107006
0.097339
0.097489
0.095801
0.100740
0.116620
0.132102
0.147957
0.156490
0.148351
0.132681
0.107317
0.079650
0.055648
0.033975
0.016466
0.004019
-0.002727
-0.006600
-0.007296
-0.005552
-0.004252
-0.002138
-0.000267
-0.000077
-0.001393
-0.003753
-0.006209
-0.009494
-0.013631
-0.018144
-0.022613
-0.026369
-0.027045
-0.028799
-0.026587
-0.022560
-0.017987
-0.012937
-0.007165
-0.003003
-0.001158
-0.000569
-0.000227
-0.000331
-0.001469
-0.002880
-0.003792
-0.004359
-0.004642
-0.004598
-0.004348
-0.004061
-0.003172
-0.002739
-0.001366
0.000269
0.001430
0.002398
0.002680
0.002356
0.001968
0.001351
0.000528
0.000055
0.000019
0.000256
0.000398
0.000722
0.001174
0.001416
0.002102
0.003063
0.006068
0.010693
0.016796
0.024339
0.035099
0.047058
0.056600
0.068148
0.079235
0.094028
0.101580
0.108580
0.119654
0.127565
0.120653
0.102137
0.081506
0.061106
0.038428
0.020497
0.009615
0.004730
0.002489
0.004779
0.009190
0.013034
0.015954
0.017887
0.019220
0.020077
0.020653
0.017682
0.013564
0.008707
0.007250
0.007865
0.010424
0.012224
0.014375
0.017196
0.021150
0.023424
0.026138
0.029714
0.032984
0.034213
0.036833
0.039393
0.041168
0.041579
0.040491
0.039551
0.033701
0.029829
0.026901
0.025673
0.026465
0.029191
0.030354
0.031304
0.031803
0.032206
0.033098
0.034050
0.035166
0.035968
0.035444
0.034590
0.033787
0.033102
0.032852
0.031038
0.032141
0.033813
0.034890
0.037240
0.036625
0.032355
0.033517
0.031729
0.029630
0.027414
0.024127
0.020279
0.016171
0.011931
0.008282
0.006429
0.005225
0.004616
0.004489
0.004117
0.003837
0.003557
0.003392
0.003271
0.003180
0.003364
0.004466
0.006022
0.006934
0.007434
0.007610
0.007169
0.006768
0.006478
0.006798
0.007220
0.008355
0.008868
0.009468
0.009305
0.008353
0.007588
0.007053
0.006863
0.007020
0.006937
0.007404
0.008143
0.009120
0.009866
0.009926
0.010269
0.010473
0.010490
0.010632
0.011159
0.012275
0.013258
0.013492
0.012983
0.012463
0.011186
0.010197
0.009687
0.009541
0.009581
0.009720
0.009950
0.009976
0.009906
0.010269
0.010731
0.011198
0.011225
0.011026
0.010475
0.010482
0.009492
0.008190
0.007193
0.006255
0.005980
0.006257
0.006796
0.007588
0.008588
0.009427
0.010467
0.011515
0.012584
0.012972
0.013029
0.012525
0.011570
0.010829
0.010597
0.010421
0.010152
0.010164
0.009125
0.009254
0.008644
0.008952
0.009280
0.009987
0.010143
0.010274
0.010618
0.011143
0.011240
0.011379
0.011277
0.011295
0.011658
0.011955
0.011562
0.010767
0.009706
0.008565
0.007559
0.006789
0.006419
0.006393
0.006449
0.007145
0.008137
0.009304
0.010855
0.011455
0.012518
0.012822
0.012880
0.012650
0.012478
0.012705
0.012045
0.011742
0.011407
0.011082
0.010321
0.011206
0.011469
0.011792
0.011803
0.011391
0.010596
0.009769
0.008597
0.007527
0.007017
0.007104
0.007692
0.008679
0.009717
0.010639
0.011344
0.011797
0.011757
0.011190
0.010579
0.010028
0.009676
0.009228
0.008011
0.007986
0.008625
0.009856
0.010242
0.011562
0.011471
0.010890
0.010822
0.010486
0.009954
0.009467
0.008940
0.008537
0.007952
0.007360
0.007010
0.006835
0.006165
0.005603
0.004218
0.002967
0.002788
0.005514
0.004229
-0.003806
-0.004736
-0.002657
-0.000968
0.000426
0.001902
0.003893
0.004695
0.004180
0.002369
-0.002326
-0.011303
-0.025751
-0.042114
-0.059302
-0.080598
-0.096311
-0.105582
-0.108122
-0.109578
-0.097678
-0.078074
-0.050534
-0.026887
-0.009678
-0.000219
0.003683
0.004421
0.001912
-0.002707
-0.007754
-0.011035
-0.014224
-0.015432
-0.014985
-0.013723
-0.011511
-0.009183
-0.006639
-0.004854
-0.003467
-0.002695
-0.001928
-0.001334
-0.001251
-0.000939
-0.000672
-0.000561
-0.000241
-0.000170
-0.000325
-0.000495
-0.000462
-0.000662
-0.001121
-0.001349
-0.001794
-0.001652
-0.001441
-0.000969
-0.000114
0.001193
0.003560
0.006993
0.011024
0.018159
0.026905
0.039332
0.053458
0.071892
0.080243
0.091672
0.107681
0.120498
0.130270
0.129795
0.121454
0.114524
0.097525
0.090071
0.091681
0.092450
0.085543
0.077264
0.061127
0.048486
0.036868
0.028274
0.020312
0.013794
0.011885
0.012645
0.013997
0.015404
0.016711
0.017182
0.017189
0.016310
0.013983
0.011284
0.008412
0.006708
0.004815
0.004152
0.004270
0.003986
0.003914
0.003738
0.003255
0.002472
0.001919
0.000906
0.000384
0.000368
0.000060
0.000451
0.001174
0.001749
0.002107
0.003524
0.006542
0.011293
0.019309
0.030183
0.043262
0.061462
0.073294
0.087684
0.101103
0.112786
0.127184
0.129524
0.134479
0.135689
0.114275
0.101679
0.094789
0.091128
0.094148
0.094499
0.109965
0.125129
0.134255
0.142931
0.143305
0.114562
0.071609
0.035979
0.004740
-0.014775
-0.024120
-0.027787
-0.027937
-0.026204
-0.024728
-0.023920
-0.026371
-0.029609
-0.034733
-0.040358
-0.051672
-0.060009
-0.069407
-0.072721
-0.081749
-0.085598
-0.086019
-0.083737
-0.078805
-0.077186
-0.071427
-0.067430
-0.065982
-0.066607
-0.070128
-0.069982
-0.069066
-0.070474
-0.073867
-0.077819
-0.081587
-0.084602
-0.090348
-0.089271
-0.084802
-0.078357
-0.072248
-0.068004
-0.070229
-0.071712
-0.071349
-0.074491
-0.078433
-0.082099
-0.089075
-0.090535
-0.088717
-0.083792
-0.076874
-0.075273
-0.073952
-0.079359
-0.078830
-0.082181
-0.086324
-0.089720
-0.089436
-0.080370
-0.067338
-0.050794
-0.031920
-0.013626
0.004217
0.020578
0.034862
0.050479
0.068355
0.081236
0.091144
0.091476
0.099197
0.099189
0.096046
0.097033
0.092179
0.090966
0.090168
0.089400
0.092209
0.098796
0.108931
0.108302
0.097896
0.084683
0.060808
0.043133
0.028782
0.018134
0.011782
0.011762
0.016462
0.026622
0.037431
0.052955
0.070872
0.083799
0.098583
0.103919
0.112232
0.117546
0.127515
0.133997
0.133261
0.128106
0.116639
0.112882
0.112763
0.116250
0.117903
0.112620
0.097026
0.077661
0.050504
0.026867
0.006852
-0.005000
-0.012754
-0.017817
-0.023795
-0.032063
-0.038470
-0.046004
-0.051683
-0.055301
-0.057178
-0.059247
-0.064681
-0.066163
-0.066502
-0.065048
-0.061753
-0.060384
-0.056984
-0.055066
-0.055096
-0.056774
-0.059451
-0.064056
-0.073200
-0.079901
-0.087321
-0.093425
-0.098211
-0.100338
-0.102145
-0.089223
-0.079893
-0.071532
-0.068924
-0.066326
-0.068389
-0.069638
-0.075167
-0.080216
-0.085950
-0.091579
-0.096566
-0.095516
-0.095688
-0.090014
-0.090434
-0.085143
-0.079135
-0.075495
-0.073132
-0.074450
-0.072371
-0.070958
-0.074642
-0.073042
-0.075515
-0.079156
-0.070920
-0.061032
-0.046701
-0.027335
-0.008060
0.008321
0.022260
0.035581
0.049602
0.062051
0.071172
0.077567
0.081946
0.090214
0.093238
0.094299
0.094002
0.098011
0.099077
0.094841
0.096259
0.099320
0.105959
0.107157
0.095933
0.080420
0.064085
0.049642
0.038234
0.028905
0.020550
0.016323
0.014823
0.014884
0.016216
0.017664
0.018739
0.018420
0.017402
0.016187
0.014727
0.012895
0.010909
0.008596
0.006929
0.005686
0.004770
0.003469
0.002544
0.002183
0.002215
0.002415
0.001763
0.002116
0.002342
0.001975
0.001020
0.000039
-0.000530
-0.000294
0.000636
0.003009
0.006966
0.013540
0.022071
0.033683
0.047294
0.058148
0.071831
0.086006
0.093225
0.110455
0.118722
0.129075
0.139323
0.126885
0.118222
0.105710
0.101724
0.092421
0.091848
0.092947
0.105410
0.121026
0.132512
0.143653
0.153042
0.136811
0.106569
0.077792
0.047304
0.020407
-0.000794
-0.014749
-0.023089
-0.026016
-0.026165
-0.027442
-0.028553
-0.028254
-0.026482
-0.024552
-0.023092
-0.022684
-0.024734
-0.027551
-0.032831
-0.037374
-0.044189
-0.050771
-0.052904
-0.057109
-0.060123
-0.062080
-0.066506
-0.064302
-0.056004
-0.039544
-0.022991
-0.001038
0.021656
0.042350
0.055789
0.071571
0.085007
0.099486
0.103406
0.107046
0.104365
0.092984
0.077007
0.060343
0.046185
0.034335
0.019569
0.007865
-0.002122
-0.009624
-0.013935
-0.018256
-0.021907
-0.025154
-0.027045
-0.029115
-0.031243
-0.033689
-0.036041
-0.038456
-0.040905
-0.042003
-0.045324
-0.048037
-0.049853
-0.054063
-0.055171
-0.055924
-0.058511
-0.056600
-0.056929
-0.053397
-0.045927
-0.033525
-0.017445
0.002118
0.023715
0.037942
0.048997
0.056662
0.071743
0.081773
0.092739
0.102961
0.108632
0.105014
0.098316
0.084495
0.072326
0.060075
0.049195
0.033894
0.021544
0.014213
0.008910
0.005467
0.005605
0.007380
0.009662
0.011982
0.014712
0.014897
0.014059
0.012377
0.010317
0.008079
0.006243
0.004864
0.004895
0.003801
0.002574
0.002125
0.001752
0.001495
0.001337
0.001040
0.000804
0.000760
0.000652
0.000358
0.000144
0.000296
0.000569
0.000757
0.000838
0.000913
0.000766
0.000446
-0.002881
-0.002170
0.001178
0.001430
0.001219
0.001051
0.000924
0.000768
0.000613
0.000385
0.000425
0.000316
-0.000163
-0.000435
-0.000691
-0.000549
-0.000473
-0.000550
-0.000496
-0.000275
0.000061
0.000390
0.000414
0.000242
-0.000076
-0.000070
-0.000286
-0.000182
-0.000164
-0.000203
-0.000041
0.000016
-0.000098
-0.000208
-0.000192
-0.000146
0.000151
0.000068
0.000137
0.000090
0.000228
0.000154
0.000038
-0.000011
-0.000065
-0.000069
-0.000292
-0.000491
-0.000681
-0.000741
-0.000464
-0.000552
-0.000812
-0.000928
-0.000984
-0.000878
-0.000797
-0.000857
-0.000954
-0.001008
-0.000532
-0.000129
-0.000093
-0.000042
-0.000032
0.000045
0.000076
0.000106
0.000097
0.000171
0.000277
0.000319
0.000256
0.000033
0.000039
0.000076
0.000084
0.000098
0.000255
0.000362
0.000535
0.000433
-0.001349
-0.002873
-0.001601
-0.001536
-0.000544
-0.000154
0.000046
0.000002
0.000386
0.000227
-0.000225
-0.000037
0.000102
-0.000019
0.000068
0.000015
-0.000013
0.000059
0.000055
-0.001631
-0.003128
-0.001425
-0.000685
0.000731
0.001177
0.001707
0.001866
0.001992
0.002344
0.002808
0.002293
0.002079
0.002050
0.001532
0.001051
0.000687
0.000369
0.000160
0.000057
-0.000190
-0.000501
-0.000677
-0.000893
-0.000948
-0.000926
-0.000640
-0.000330
0.000121
0.000434
0.000678
0.000719
0.000734
0.000737
0.000642
0.000533
0.000318
-0.000050
-0.000167
-0.000367
-0.000582
-0.000643
-0.000668
-0.000533
-0.000054
-0.000398
-0.002476
-0.005431
-0.008801
-0.013570
-0.018047
-0.025331
-0.032354
-0.038353
-0.038617
-0.040530
-0.044655
-0.046054
-0.045182
-0.044239
-0.040209
-0.036040
-0.035264
-0.035713
-0.036951
-0.037940
-0.037682
-0.036975
-0.036695
-0.037818
-0.039673
-0.040152
-0.041892
-0.044052
-0.043628
-0.043974
-0.044231
-0.044042
-0.044145
-0.044508
-0.044232
-0.041977
-0.041293
-0.039424
-0.039062
-0.039252
-0.039554
-0.041505
-0.043792
-0.045344
-0.046098
-0.044468
-0.046773
-0.046799
-0.046375
-0.046351
-0.043898
-0.045877
-0.046306
-0.047330
-0.047702
-0.044387
-0.042797
-0.041687
-0.041075
-0.040522
-0.039709
-0.039600
-0.042572
-0.043798
-0.042926
-0.045688
-0.045326
-0.044731
-0.043207
-0.041843
-0.040536
-0.041465
-0.040460
-0.038593
-0.031886
-0.026397
-0.021517
-0.018000
-0.014948
-0.035510
-0.031240
-0.005894
0.006317
0.009786
0.010826
0.010030
0.006831
0.002135
-0.001393
-0.003887
-0.006256
-0.007291
-0.007419
-0.006812
-0.005813
-0.005133
-0.004007
-0.002947
-0.002010
-0.001116
-0.000635
-0.000301
-0.000313
-0.000335
-0.000303
-0.000234
-0.000300
-0.000175
0.000004
0.000550
0.000829
0.001220
0.001271
-0.001687
-0.003566
0.000641
0.002162
0.002437
0.002084
0.001570
0.000835
0.000472
-0.000218
-0.001036
-0.001784
-0.002135
-0.002299
-0.002477
-0.002444
-0.002037
-0.001776
-0.001428
-0.002093
-0.002439
-0.002844
-0.000379
0.001153
0.001541
0.001479
0.001310
0.001387
0.001185
0.000890
0.001020
0.000871
0.000800
0.000591
0.000524
0.000623
0.000408
0.000147
0.000104
0.000099
0.000075
0.000427
0.000534
0.001376
0.003624
0.007005
0.014314
0.026414
0.038624
0.054916
0.069723
0.083772
0.093915
0.097288
0.100642
0.094286
0.091773
0.092196
0.097335
0.094271
0.093921
0.093089
0.102051
0.114113
0.126306
0.124846
0.132578
0.132364
0.139906
0.152028
0.153693
0.131118
0.100106
0.073944
0.056555
0.036485
0.017975
0.007732
0.004643
0.008067
0.014611
0.018474
0.021415
0.023612
0.024903
0.023922
0.020719
0.016767
0.012469
0.008924
0.005517
0.003523
0.002612
0.007072
0.007929
0.000658
-0.003858
0.000011
0.001733
0.002794
0.002963
0.003159
0.003353
0.002919
0.002569
0.002117
0.001462
0.001044
0.000751
0.000118
-0.000268
-0.000595
-0.002006
-0.002142
-0.001052
-0.000318
0.000765
0.001311
0.001792
0.001763
0.001644
0.001438
0.000875
0.000617
0.000692
0.000347
-0.000009
-0.000295
-0.000321
-0.000779
-0.001179
-0.001754
-0.002728
-0.003110
-0.002362
-0.001993
-0.001147
0.000741
0.003554
0.007947
0.014916
0.024432
0.037030
0.051205
0.070205
0.080170
0.088997
0.098405
0.106829
0.118533
0.121216
0.126336
0.115360
0.097811
0.072640
0.052077
0.034984
0.023195
0.014012
0.019140
0.051087
0.024681
-0.016897
-0.010923
-0.003447
0.002477
0.008366
0.013613
0.016323
0.015651
0.014855
0.015183
0.015919
0.017972
0.020461
0.025119
0.028197
0.032697
0.036856
0.040341
0.043702
0.045203
0.049309
0.052886
0.054958
0.055664
0.054088
0.051484
0.048760
0.046291
0.044127
0.044616
0.046071
0.050010
0.050647
0.050864
0.050992
0.051359
0.052889
0.054975
0.056428
0.053571
0.046935
0.039301
0.031210
0.023911
0.017915
0.013298
0.009319
0.006289
0.004908
0.004252
0.004768
0.015028
0.014838
0.002231
-0.002360
0.000570
0.001890
0.002603
0.002871
0.003643
0.003795
0.003657
0.003669
0.003353
0.003294
0.002694
0.001973
0.001599
0.000993
0.000291
0.000119
-0.000841
0.000570
-0.000626
0.000009
-0.000241
-0.000475
-0.000328
0.000088
0.000793
0.000400
0.000306
0.000278
0.000503
0.000184
0.000285
0.000086
-0.000163
-0.000406
-0.000670
-0.001124
-0.001445
-0.001431
-0.001289
-0.000966
-0.000627
-0.000305
0.000001
0.000246
0.000282
0.000164
0.000065
0.000236
0.000225
0.000614
0.001345
0.001915
0.002847
0.003859
0.005613
0.008271
0.011961
0.017303
0.022174
0.026940
0.032400
0.034251
0.035668
0.038471
0.038716
0.037545
0.036248
0.033239
0.030604
0.026185
0.024386
0.025339
0.027119
0.028794
0.030250
0.031535
0.033779
0.034919
0.035219
0.035796
0.033644
0.033071
0.032452
0.031938
0.034226
0.035789
0.036587
0.034408
0.033647
0.033210
0.032147
0.033588
0.035475
0.036884
0.037725
0.036659
0.033916
0.032817
0.030116
0.025847
0.021767
0.018219
0.013625
0.009952
0.007560
0.005267
0.004479
0.003969
0.003747
0.003694
0.003720
0.003726
0.003486
0.002945
0.002741
0.002660
0.001982
0.001180
0.000839
0.000715
0.000800
0.001088
0.001330
0.001760
0.002052
0.002428
0.002937
0.003958
0.005411
0.008107
0.011993
0.017629
0.024812
0.032255
0.039225
0.046014
0.051508
0.055257
0.058711
0.064059
0.062529
0.061042
0.052670
0.040481
0.028895
0.020380
0.011764
0.005141
0.000819
-0.001676
-0.002527
-0.002323
-0.000623
0.002477
0.005841
0.010335
0.015177
0.019129
0.023502
0.027447
0.031616
0.035073
0.037538
0.042702
0.046787
0.048404
0.052315
0.052823
0.056548
0.054838
0.050448
0.043853
0.036730
0.028912
0.020474
0.012806
0.006733
0.001894
-0.000857
-0.001521
-0.001510
-0.000029
0.001963
0.003922
0.005700
0.006877
0.007764
0.008637
0.009831
0.011738
0.014126
0.018352
0.022292
0.027518
0.031673
0.037571
0.043508
0.046929
0.053612
0.061196
0.067631
0.072455
0.075281
0.076336
0.079928
0.072648
0.073127
0.069170
0.064206
0.061867
0.058673
0.053411
0.051921
0.049303
0.044291
0.037699
0.031057
0.022546
0.015008
0.010921
0.009106
0.009190
0.010884
0.012107
0.011838
0.011471
0.009570
0.008444
0.006209
0.004349
0.004168
0.004898
0.005112
0.005755
0.006810
0.005736
0.001960
0.001660
0.000773
-0.000250
-0.000488
-0.000488
-0.000373
0.000197
0.000577
0.001068
0.000932
0.000841
0.000668
0.000541
0.000752
0.000623
0.000596
-0.000536
-0.002937
-0.001175
0.000281
0.001221
0.001159
0.000905
0.000693
0.000609
0.000739
0.000436
0.000444
0.000208
-0.000099
-0.000230
-0.000484
-0.000917
-0.001220
-0.001295
-0.001291
-0.001272
-0.001218
-0.000920
-0.000423
-0.000105
0.000010
-0.000080
0.000010
-0.000228
-0.002518
-0.001353
0.000227
0.000957
0.001504
0.001837
0.001779
0.001129
0.000697
0.000255
-0.000198
-0.000393
-0.000782
-0.000803
-0.000622
-0.000072
-0.000377
-0.001232
-0.001431
-0.002961
-0.003974
-0.000751
0.000148
0.000863
0.001114
0.001197
0.000974
0.001007
0.000991
0.000848
0.000666
0.000699
0.000658
0.000824
0.000802
0.000467
0.000136
-0.000104
-0.000419
-0.000887
-0.001305
-0.000608
0.000520
0.001383
0.002681
0.004767
0.008648
0.016190
0.028032
0.042600
0.058061
0.073596
0.083408
0.094365
0.101027
0.103398
0.103934
0.106691
0.102975
0.087992
0.072099
0.045142
0.021131
0.000567
-0.016813
-0.033408
-0.047747
-0.059818
-0.069997
-0.074977
-0.081600
-0.090626
-0.093646
-0.096709
-0.094998
-0.080028
-0.067448
-0.053565
-0.043995
-0.041321
-0.038776
-0.041211
-0.043430
-0.044260
-0.046359
-0.048546
-0.047683
-0.045810
-0.045900
-0.047619
-0.043964
-0.041929
-0.037781
-0.035966
-0.034758
-0.033543
-0.033076
-0.032666
-0.032616
-0.033865
-0.034428
-0.034345
-0.035097
-0.035619
-0.036499
-0.037253
-0.038153
-0.039649
-0.040687
-0.040414
-0.038995
-0.036700
-0.035482
-0.035258
-0.035766
-0.037409
-0.038749
-0.039076
-0.038227
-0.036899
-0.034176
-0.033394
-0.034445
-0.034367
-0.034661
-0.034723
-0.033980
-0.032424
-0.030998
-0.030747
-0.031501
-0.032862
-0.034304
-0.037882
-0.037859
-0.038364
-0.037639
-0.037726
-0.037759
-0.037101
-0.036166
-0.035333
-0.034229
-0.034113
-0.032826
-0.035402
-0.036650
-0.038181
-0.037484
-0.039806
-0.038650
-0.037254
-0.035954
-0.034368
-0.032378
-0.031493
-0.031253
-0.031401
-0.031159
-0.031534
-0.033865
-0.037751
-0.040852
-0.049090
-0.061097
-0.075391
-0.086046
-0.100960
-0.114482
-0.125235
-0.138900
-0.140094
-0.137740
-0.111139
-0.088309
-0.067624
-0.040979
-0.015684
0.007846
0.031584
0.052377
0.068698
0.076948
0.084152
0.082181
0.086900
0.085544
0.086985
0.080171
0.073451
0.060271
0.046947
0.033980
0.023857
0.016444
0.011329
0.008344
0.007299
0.008910
0.010777
0.011565
0.011667
0.011866
0.012385
0.012257
0.010265
0.008178
0.006774
0.005126
0.003916
0.003214
0.003906
0.002200
-0.000397
-0.001047
0.000742
0.001381
0.002128
0.002565
0.002151
0.001106
0.001133
0.000835
0.000933
0.001196
0.001078
0.000956
0.000568
0.000165
-0.000202
-0.000582
-0.000949
-0.000798
-0.002308
-0.001475
-0.000712
-0.000156
0.000359
0.000747
0.001155
0.001371
0.001221
0.001325
0.001348
0.001213
0.001048
0.000882
0.000638
0.000383
0.000199
-0.000045
-0.000137
-0.000069
-0.000054
-0.000113
-0.000272
-0.000152
0.000039
0.000138
-0.000319
-0.000696
-0.001126
-0.000900
-0.000231
0.000107
0.000309
0.000262
0.000309
0.000367
0.000297
0.000160
0.000072
0.000178
-0.000071
-0.000010
-0.000255
-0.000168
0.000073
-0.000466
-0.002756
-0.000748
-0.000189
0.000524
0.000727
0.000847
0.000831
0.000585
0.000449
0.000184
0.000004
-0.000146
-0.000224
-0.000157
-0.000159
-0.000133
-0.000058
0.000108
0.000492
0.000642
0.000994
0.001225
0.001528
0.001718
0.001523
0.002710
0.005027
0.008312
0.013411
0.020314
0.029209
0.039093
0.048581
0.057472
0.064552
0.067811
0.067884
0.066261
0.063515
0.059815
0.060205
0.057707
0.057548
0.057756
0.060671
0.063714
0.067214
0.065427
0.066297
0.058938
0.046923
0.036431
0.026157
0.018858
0.014264
0.013028
0.014451
0.014347
0.014192
0.013718
0.012555
0.009834
0.009569
0.010736
0.012276
0.015459
0.019548
0.024396
0.028492
0.032998
0.035138
0.039134
0.040686
0.046059
0.047854
0.047668
0.042755
0.033832
0.023506
0.012939
0.001345
-0.011055
-0.021298
-0.030188
-0.035427
-0.037986
-0.039793
-0.039560
-0.037223
-0.030987
-0.024428
-0.018020
-0.013198
-0.009341
-0.008271
-0.010585
-0.013493
-0.016374
-0.019678
-0.023059
-0.026300
-0.029318
-0.031916
-0.032049
-0.033590
-0.033987
-0.033518
-0.032814
-0.033111
-0.028816
-0.024922
-0.019797
-0.014233
-0.009150
-0.004170
0.000007
0.004025
0.008584
0.013735
0.017972
0.022832
0.027976
0.032231
0.038183
0.043720
0.049608
0.055256
0.060131
0.064337
0.068164
0.066739
0.068165
0.068681
0.069147
0.072537
0.074422
0.070477
0.069012
0.064369
0.064257
0.064486
0.066660
0.067299
0.065622
0.063895
0.060790
0.054532
0.047447
0.039408
0.029848
0.020239
0.013485
0.009435
0.007233
0.007112
0.007866
0.009252
0.010584
0.011118
0.010882
0.009579
0.006476
0.004981
0.004256
0.004058
0.004241
0.004665
0.004265
0.003573
0.003057
0.002268
0.001480
0.000938
0.000514
0.000480
0.000235
-0.000123
-0.000475
-0.000875
-0.000527
-0.000043
-0.000068
0.000102
-0.000091
-0.000078
-0.000125
0.000040
0.000043
-0.000030
0.000220
0.000337
-0.000054
0.000000
0.000000
0.000000
0.000000
0.000000
0.000000
0.000000
0.000000
0.000000
0.000000
0.000000
0.000000
0.000000
0.000000
0.000000
0.000000
0.000000
0.000000
0.000000
0.000000
0.000000
0.000000
0.000000
0.000000
0.000000
0.000000
0.000000
0.000000
0.000000
0.000000
0.000000
0.000000
0.000000
