10.059983
10.055757
10.144522
10.241740
10.254419
10.503807
10.203698
10.169883
10.427723
10.123387
10.245968
10.588346
10.064210
10.250194
10.520715
10.026169
10.393908
10.347411
10.550303
10.588345
10.681336
10.076891
10.174110
10.136068
10.157203
10.127615
10.250194
10.136066
10.038849
10.643294
10.423494
10.440403
10.241741
10.144521
10.491125
10.571438
10.364320
10.279782
10.520715
10.406589
10.119160
10.102253
10.444630
10.322051
10.229058
10.165657
10.300917
10.381227
10.055758
10.203697
10.157202
10.165655
10.186790
10.013488
10.051530
10.051531
10.043077
10.457311
10.030396
10.203699
10.021943
10.241739
10.059984
10.296690
10.288235
10.216379
10.224832
10.161429
10.021943
10.186790
10.267103
10.364320
10.182565
10.322050
10.026168
10.229058
10.410814
10.436175
10.169882
10.410815
10.216378
10.127615
10.410814
10.000808
10.284009
10.558756
10.123388
10.482673
10.064210
10.106479
10.216378
10.351639
10.533396
10.651749
10.664429
10.072663
10.106480
10.284008
10.338959
10.326278
10.436177
10.478446
10.499581
10.626386
10.736286
10.047303
10.106481
10.444631
10.360092
10.465766
10.410815
10.546076
10.672882
10.685563
10.791236
10.706697
10.026169
10.207925
10.072665
10.165657
10.191017
10.093799
10.292462
10.186790
10.131841
10.207924
10.182564
10.305142
10.081119
10.017715
10.102253
10.026170
10.660202
10.723605
10.478445
10.503807
10.372773
10.309370
10.271328
10.017715
10.761647
10.537621
10.558757
10.212152
10.157202
10.055758
10.592570
10.482674
10.233286
10.076892
10.478445
10.250195
10.072664
10.389682
10.186790
10.368546
10.267101
10.474218
10.279780
10.491126
10.152976
10.355865
10.093799
10.152976
10.241739
10.381229
10.220605
10.178336
10.233286
10.106480
10.296689
10.207926
10.186790
10.055757
10.241740
10.169883
10.338958
10.351639
10.267101
10.292462
10.372773
10.271328
10.216379
10.322051
10.385454
10.047304
10.144522
10.300916
10.081118
10.279781
10.457311
10.051531
10.186790
10.334732
10.229059
10.013488
10.224833
10.431950
10.000808
10.131841
10.136067
10.220606
10.338960
10.271329
10.343186
10.305144
10.313598
10.469992
10.596798
10.431949
10.385454
10.393909
10.554529
10.440402
10.440404
10.431950
10.313598
10.469992
10.499581
10.402362
10.330504
10.330503
10.334731
10.398134
10.343185
10.330505
10.317824
10.491127
10.106480
10.005035
10.144523
10.127615
10.296690
10.626387
10.740513
10.254420
10.334732
10.469991
10.237514
10.157202
10.326277
10.537621
10.698244
10.706697
10.123387
10.072664
10.398135
10.338960
10.694016
10.571439
10.719378
10.664428
10.068438
10.043076
10.880000
10.207926
10.901134
10.165656
10.284009
10.220606
10.326278
10.305143
10.279782
10.284010
10.216378
10.262875
10.326278
10.254420
10.326277
10.322051
10.322050
10.161429
10.237514
10.267101
10.191016
10.102253
10.021942
10.098025
10.110707
10.968764
10.770101
10.803916
10.765874
10.710924
10.660201
10.596797
10.579890
10.131842
10.089573
10.448857
10.524941
10.377001
10.262875
10.410815
10.292462
10.279782
10.178336
10.300917
10.216380
10.360092
10.296689
10.364320
10.300917
10.330503
10.258648
10.271328
10.309370
10.262875
10.461537
10.300916
10.343185
10.351639
10.330504
10.368546
10.355866
10.245966
10.322051
10.300916
10.440404
10.469992
10.338958
10.330505
10.499579
10.385454
10.305143
10.309370
10.351639
10.360093
10.368546
10.499580
10.427723
10.457312
10.385454
10.423497
10.372775
10.372773
10.398136
10.284009
10.482673
10.406590
10.427723
10.423497
10.423497
10.372774
10.309370
10.330504
10.330504
10.330505
10.436176
10.499581
10.284009
10.220607
10.322050
10.064211
10.106481
10.592571
10.448858
10.279781
10.372774
10.017715
10.736284
10.469992
10.292463
10.098026
10.601026
10.296689
10.229060
10.017715
10.579890
10.216379
10.076892
10.368546
10.334732
10.051531
10.419269
10.098027
10.482674
10.309369
10.114933
10.119161
10.389682
10.224833
10.089570
10.059984
10.051530
10.013489
10.072664
10.021942
10.026169
10.174109
10.114934
10.245967
10.021942
10.427723
10.089571
10.119161
10.081119
10.093798
10.343185
10.165655
10.275555
10.216378
10.224833
10.495354
10.186790
10.254421
10.245968
10.300918
10.195244
10.241740
10.098025
10.351639
10.275556
10.152976
10.157202
10.000809
10.431951
10.271329
10.474218
10.410815
10.338958
10.368547
10.415041
10.038848
10.047303
10.482673
10.030397
10.182564
10.334731
10.059983
10.106479
10.241740
10.448857
10.030396
10.288236
10.444630
10.093800
10.241740
10.072665
10.334731
10.605251
10.157204
10.334731
10.550303
10.093800
10.085345
10.364320
10.212152
10.448857
10.613706
10.698245
10.685563
10.013489
10.059984
10.596799
10.106480
10.774326
10.486899
10.030396
10.601026
10.469991
10.579890
10.275555
10.216379
10.009262
10.579890
10.461539
10.267100
10.114934
10.110707
10.537622
10.254420
10.127615
10.474218
10.279782
10.343185
10.114935
10.000809
10.440403
10.546076
10.026169
10.309371
10.220606
10.178336
10.457311
10.305142
10.068439
10.550303
10.224832
10.114934
10.326278
10.203699
10.127615
10.203698
10.347413
10.161429
10.089573
10.161428
10.229059
10.165656
10.068438
10.081118
10.182564
10.275554
10.427723
10.207925
10.229060
10.203699
10.241740
10.038849
10.364321
10.398134
10.098024
10.229061
10.474218
10.165656
10.372773
10.448857
10.199472
10.453083
10.334732
10.461538
10.085345
10.622160
10.609478
10.360093
10.279781
10.199471
10.148749
10.431950
10.415044
10.271329
10.224833
10.089573
10.093799
10.026169
10.182565
10.309370
10.229059
10.347412
10.584118
10.393909
10.377001
10.309370
10.186790
10.131841
10.267100
10.393907
10.529168
10.085345
10.034624
10.059983
10.152976
10.127615
10.465765
10.216378
10.005034
10.212151
10.089572
10.102253
10.055758
10.030396
10.309370
10.326278
10.410817
10.343184
10.258648
10.410816
10.093801
10.330505
10.203699
10.136067
10.368546
10.300916
10.165655
10.093799
10.207926
10.131841
10.292461
10.385455
10.415043
10.000808
10.119159
10.220605
10.288237
10.381227
10.377001
10.000808
10.334732
10.047303
10.013488
10.136067
10.372774
10.431951
10.385453
10.038850
10.372774
10.427723
10.503806
10.131842
10.072666
10.546076
10.271329
10.245966
10.233285
10.292463
10.338957
10.537622
10.114932
10.406588
10.351638
10.423495
10.461538
10.030396
10.495354
10.520713
10.233287
10.233287
10.009262
10.055758
10.051532
10.465764
10.355866
10.360092
10.233286
10.381227
10.453084
10.393908
10.131841
10.212152
10.161428
10.271328
10.512261
10.081119
10.199471
10.089572
10.093800
10.385454
10.191018
10.453085
10.372774
10.233285
10.140295
10.402362
10.212151
10.174109
10.013488
10.402362
10.309370
10.241740
10.229059
10.182563
10.106480
10.305143
10.013488
10.292462
10.229060
10.047302
10.114934
10.440403
10.051531
10.182563
10.140295
10.229059
10.043077
10.009262
10.410816
10.334731
10.081120
10.021941
10.508034
10.047302
10.055758
10.195246
10.347410
10.034623
10.508033
10.203698
10.258647
10.305142
10.292463
10.469992
10.398135
10.258648
10.131842
10.372773
10.372773
10.419271
10.047303
10.402362
10.377000
10.224831
10.440403
10.212152
10.457311
10.085345
10.427724
10.157203
10.313597
10.415043
10.119162
10.165657
10.436176
10.343185
10.182564
10.338959
10.178338
10.448858
10.317824
10.220606
10.055758
10.520714
10.081117
10.013487
10.402363
10.338958
10.081119
10.098026
10.089572
10.131841
10.000808
10.140294
10.381227
10.372773
10.254419
10.021941
10.292462
10.098026
10.131841
10.491126
10.017715
10.106480
10.288238
10.508034
10.431950
10.431951
10.461537
10.448857
10.457311
10.482672
10.389681
10.296690
10.199471
10.203698
10.343185
10.089572
10.207925
10.191017
10.305142
10.300915
10.486898
10.457311
10.102253
10.123387
10.123387
10.043077
10.017715
10.233287
10.038849
10.085345
10.622160
10.406587
10.529168
10.389680
10.009262
10.216377
10.317824
10.178336
10.055758
10.034623
10.216378
10.212152
10.271327
10.410814
10.195245
10.377000
10.195244
10.026168
10.005034
10.398134
10.110705
10.351639
10.364320
10.207925
10.419268
10.144522
10.157203
10.216379
10.237514
10.402361
10.448857
10.123388
10.093800
10.021942
10.212153
10.444631
10.343185
10.309370
10.334731
10.508034
10.059982
10.034622
10.309370
10.292462
10.271329
10.064211
10.258647
10.410816
10.444631
10.364319
10.427724
10.271328
10.199471
10.440405
10.423495
10.300917
10.410815
10.021941
10.165656
10.021942
10.237514
10.195244
10.055757
10.351640
10.169883
10.474219
10.030396
10.000809
10.457311
10.300916
10.212152
10.258648
10.174109
10.140295
10.351640
10.072664
10.385454
10.440404
10.478445
10.148748
10.267102
10.237514
10.131842
10.152976
10.469992
10.389681
10.267102
10.233287
10.381227
10.427723
10.431948
10.474218
10.444631
10.267102
10.072665
10.326277
10.212152
10.355865
10.398133
10.322051
10.322051
10.195244
10.330503
10.275556
10.427724
10.469992
10.541848
10.524942
10.161428
10.537622
10.482673
10.377001
10.110706
10.233286
10.114934
10.152976
10.385454
10.005033
10.503807
10.415043
10.224832
10.440403
10.474218
10.005034
10.410814
10.541849
10.085344
10.043077
10.436175
10.043077
10.415042
10.402361
10.013490
10.182563
10.229058
10.381226
10.017715
10.199470
10.322050
10.360092
10.296690
10.191017
10.093801
10.051529
10.533394
10.338958
10.169885
10.372772
10.364320
10.000808
10.457311
10.491126
10.072664
10.051530
10.372774
10.368546
10.000808
10.131841
10.343184
10.398135
10.191017
10.203699
10.440404
10.127614
10.178338
10.520713
10.317825
10.123386
10.237514
10.186790
10.254420
10.360091
10.106480
10.144522
10.465764
10.453084
10.131842
10.123387
10.478445
10.330504
10.415042
10.423496
10.051529
10.165656
10.245968
10.330504
10.292462
10.241740
10.245966
10.165655
10.093800
10.009263
10.161429
10.330504
10.440405
10.474219
10.250195
10.220606
10.300916
10.005034
10.009261
10.106480
10.140295
10.457312
10.131841
10.161429
10.038851
10.279781
10.203698
10.465766
10.212152
10.191017
10.245967
10.131841
10.279780
10.360093
10.579891
10.271330
10.250195
10.127614
10.059984
10.034622
10.284009
10.343185
10.338959
10.415043
10.144521
10.110705
10.161429
10.098025
10.389681
10.322050
10.334732
10.296690
10.360092
10.207926
10.157202
10.047302
10.588345
10.377001
10.503806
10.009263
10.229059
10.330505
10.376999
10.292461
10.144521
10.148749
10.038849
10.262875
10.338958
10.364321
10.034622
10.419269
10.326279
10.415043
10.381227
10.085344
10.423495
10.182564
10.030396
10.457312
10.216379
10.165656
10.009263
10.030396
10.119161
10.076891
10.457312
10.144522
10.017715
10.093800
10.271328
10.393908
10.503807
10.212152
10.347412
10.457312
10.055758
10.110706
10.186790
10.186790
10.267101
10.258648
10.152975
10.275556
10.043075
10.474218
10.364318
10.444630
10.465764
10.512260
10.372772
10.529168
10.059984
10.127614
10.245966
10.059984
10.406590
10.258648
10.123388
10.157202
10.368547
10.279782
10.419269
10.195243
10.059983
10.030396
10.258647
10.203697
10.250196
10.237513
10.461538
10.271329
10.178336
10.009260
10.393908
10.351639
10.377001
10.250194
10.089572
10.427722
10.347411
10.381227
10.267102
10.195245
10.474218
10.376999
10.152974
10.296690
10.195245
10.081118
10.161427
10.474218
10.110707
10.338959
10.402363
10.152975
10.114934
10.174109
10.355866
10.148750
10.322050
10.347413
10.275555
10.233287
10.284009
10.275555
10.106480
10.165657
10.144521
10.550303
10.469992
10.486900
10.013489
10.013489
10.191018
10.347411
10.436177
10.338959
10.343185
10.436177
10.393909
10.427723
10.224833
10.512261
10.178336
10.220606
10.186791
10.465765
10.284008
10.212151
10.191018
10.457311
10.220604
10.169884
10.381227
10.474219
10.076892
10.516488
10.317823
10.178336
10.245968
10.279780
10.229059
10.360094
10.288236
10.330503
10.309369
10.347410
10.017715
10.491127
10.017715
10.093800
10.034622
10.013488
10.055758
10.144522
10.136068
10.191018
10.131842
10.165656
10.106479
10.152975
10.338960
10.186790
10.043077
10.334732
10.360094
10.330504
10.271329
10.343185
10.402362
10.279783
10.089573
10.123387
10.165656
10.207926
10.343186
10.478445
10.262874
10.469992
10.393909
10.292462
10.377001
10.491125
10.503808
10.212152
10.275555
10.068438
10.537621
10.267102
10.288236
10.520715
10.059983
10.334730
10.140295
10.165654
10.410816
10.326277
10.313597
10.482672
10.423496
10.224832
10.123386
10.440403
10.114933
10.081118
10.093800
10.005036
10.030395
10.317822
10.102253
10.047303
10.385453
10.106479
10.191018
10.364319
10.440405
10.064211
10.195245
10.415041
10.148747
10.355865
10.081118
10.330504
10.550301
10.148749
10.609479
10.089571
10.296690
10.469994
10.017715
10.457312
10.410816
10.021942
10.017715
10.207925
10.237514
10.288235
10.478446
10.292462
10.393908
10.562984
10.482672
10.508033
10.554529
10.440403
10.469993
10.571438
10.444630
10.550303
10.508034
10.448856
10.410815
10.444631
10.385454
10.406590
10.410814
10.254421
10.706698
10.199472
10.034623
10.529168
10.431951
10.364319
10.453084
10.237513
10.220605
10.098025
10.098026
10.034622
10.064211
10.005035
10.034622
10.609480
10.030396
10.440404
10.013489
10.486898
10.520713
10.355865
10.351639
10.398135
10.330504
10.233284
10.241741
10.110707
10.059983
10.533396
10.503807
10.034623
10.043077
10.093799
10.034622
10.431951
10.389682
10.461538
10.381227
10.148748
10.440402
10.224833
10.309370
10.047303
10.178337
10.140295
10.059983
10.385455
10.161428
10.216379
10.030397
10.038850
10.021944
10.212151
10.250195
10.254420
10.051529
10.271329
10.410816
10.440403
10.174109
10.233287
10.300917
10.279783
10.224832
10.017715
10.021941
10.038848
10.203697
10.102253
10.123389
10.186790
10.355866
10.224833
10.279781
10.436177
10.250193
10.292463
10.114933
10.085346
10.034623
10.330504
10.034622
10.410815
10.457311
10.288236
10.469992
10.427722
10.474218
10.486899
10.055758
10.474218
10.047303
10.174110
10.224833
10.431950
10.279782
10.152977
10.043077
10.347413
10.043077
10.009261
10.064211
10.237513
10.229059
10.068438
10.182565
10.114933
10.313598
10.144522
10.131841
10.199471
10.038849
10.381227
10.415042
10.051530
10.038849
10.157204
10.334731
10.021941
10.364320
10.338959
10.005033
10.237514
10.360093
10.389682
10.402362
10.423496
10.317823
10.482672
10.474219
10.140294
10.072666
10.081118
10.136067
10.305143
10.364320
10.423496
10.068438
10.212151
10.250195
10.296688
10.119161
10.055758
10.250195
10.026168
10.191017
10.423497
10.191018
10.161430
10.212152
10.275556
10.114932
10.068437
10.440404
10.313597
10.296690
10.161430
10.174109
10.427723
10.579890
10.533396
10.355865
10.453083
10.338957
10.195245
10.258648
10.288236
10.038850
10.136068
10.119161
10.034622
10.136068
10.106480
10.478445
10.119161
10.021942
10.402362
10.368546
10.377000
10.178335
10.474218
10.034623
10.237513
10.368546
10.034623
10.254421
10.389681
10.076892
10.229060
10.233287
10.026169
10.398134
10.000808
10.068438
10.038849
10.220606
10.436178
10.343184
10.030396
10.465765
10.258646
10.296690
10.030395
10.119161
10.026169
10.423496
10.499580
10.250194
10.267101
10.106479
10.415042
10.343187
10.364319
10.364321
10.013490
10.385455
10.119162
10.326280
10.317823
10.009260
10.478444
10.355865
10.098027
10.157203
10.313597
10.436177
10.271328
10.144522
10.114933
10.584116
10.524942
10.533396
10.465766
10.474217
10.106480
10.385454
10.389681
10.516488
10.131842
10.047304
10.030396
10.478446
10.486899
10.402362
10.330504
10.516487
10.330503
10.575664
10.377001
10.448856
10.051529
10.157202
10.059985
10.174111
10.229059
10.241740
10.250195
10.271328
10.076892
10.059984
10.119160
10.453084
10.013488
10.043077
10.313597
10.508033
10.389681
10.503807
10.461538
10.465764
10.406588
10.038850
10.026169
10.465765
10.089572
10.398136
10.000807
10.034623
10.486899
10.486900
10.499581
10.102253
10.072664
10.038849
10.064212
10.136068
10.199471
10.465764
10.419270
10.491126
10.157203
10.410815
10.562983
10.237513
10.431951
10.098026
10.220606
10.419269
10.482671
10.148748
10.322050
10.461539
10.026170
10.038850
10.123386
10.237513
10.541849
10.512260
10.592572
10.710925
10.038850
10.051530
10.140295
10.161429
10.237513
10.072664
10.224833
10.203697
10.144521
10.254420
10.093799
10.220606
10.212152
10.144523
10.157203
10.174109
10.829278
10.017715
10.719378
10.013489
10.677110
10.047304
10.508034
10.554529
10.550303
10.431951
10.423496
10.372773
10.520714
10.419270
10.550303
10.419270
10.347412
10.174109
10.241740
10.284009
10.220606
10.186790
10.098025
10.152976
10.076892
10.013489
10.647520
10.706696
10.330504
10.436177
10.026169
10.605253
10.512259
10.617932
10.622160
10.537622
10.499580
10.757420
10.503807
10.609478
10.643293
10.026169
10.005035
10.571437
10.030396
10.017715
10.630613
10.643294
10.727832
10.005033
10.710924
10.174110
10.343186
10.136068
10.119162
10.368547
10.406590
10.284009
10.258647
10.440403
10.292462
10.423496
10.368547
10.486898
10.305144
10.275555
10.300916
10.207925
10.300916
10.296690
10.191017
10.212152
10.110706
10.182564
10.144522
10.047303
10.157203
10.098027
10.102254
10.114934
10.059984
10.102254
10.068438
10.000808
10.770101
10.626387
10.571437
10.605252
10.482673
10.575664
10.516487
10.495353
10.309370
10.431950
10.584118
10.453085
10.389680
10.309371
10.372773
10.330505
10.216379
10.694016
10.698243
10.406590
10.313597
10.157203
10.224832
10.085345
10.005033
10.546077
10.267101
10.131841
10.402363
10.093799
10.005035
10.313597
10.355866
10.203698
10.123387
10.005033
10.250193
10.144523
10.119161
10.533396
10.448858
10.292463
10.271327
10.191017
10.119160
10.300916
10.055757
10.059984
10.072664
10.292463
10.440403
10.338958
10.360092
10.296690
10.296689
10.000806
10.119160
10.013487
10.300917
10.360094
10.144522
10.140295
10.076891
10.406588
10.372773
10.157202
10.233287
10.123386
10.165655
10.013488
10.110704
10.440405
10.131842
10.279782
10.021942
10.199471
10.300918
10.389681
10.368547
10.076892
10.047303
10.191018
10.165657
10.169883
10.161429
10.212152
10.279782
10.229060
10.152975
10.296689
10.343185
10.322049
10.478445
10.030396
10.186790
10.330505
10.110707
10.588346
10.089573
10.524941
10.537622
10.338960
10.372773
10.169884
10.385454
10.347412
10.237513
10.288238
10.355865
10.026169
10.355866
10.072664
10.072665
10.300916
10.381227
10.296689
10.157203
10.195245
10.140294
10.009261
10.398135
10.448856
10.381227
10.406589
10.144522
10.072665
10.161429
10.355865
10.326278
10.047304
10.288236
10.617933
10.271328
10.537622
10.174110
10.482672
10.119161
10.212152
10.457311
10.491126
10.085344
10.005035
10.009261
10.140296
10.089572
10.059984
10.038850
10.601026
10.562984
10.140295
10.296688
10.393909
10.381227
10.229059
10.178337
10.389680
10.021942
10.136068
10.453085
10.338959
10.516486
10.393909
10.343185
10.017716
10.182564
10.051531
10.254420
10.457312
10.059984
10.262873
10.186790
10.068438
10.292461
10.279782
10.258649
10.021941
10.267101
10.072664
10.051532
10.195245
10.284008
10.343185
10.212152
10.313597
10.317824
10.436176
10.347411
10.043076
10.393908
10.017716
10.245966
10.169882
10.474219
10.347412
10.309369
10.127614
10.068438
10.207925
10.410814
10.220605
10.102253
10.486899
10.368546
10.309369
10.182564
10.043077
10.377000
10.343184
10.292463
10.030396
10.161430
10.326279
10.338959
10.309371
10.157202
10.098024
10.127614
10.478446
10.440404
10.385453
10.440403
10.537621
10.482673
10.360092
10.338959
10.229060
10.351640
10.351640
10.334731
10.212153
10.284008
10.165657
10.085345
10.165655
10.021942
10.326277
10.250194
10.499580
10.165657
10.541849
10.423495
10.169883
10.017715
10.262874
10.326277
10.398135
10.292463
10.068439
10.013488
10.229059
10.059984
10.119161
10.427722
10.436177
10.157202
10.182565
10.051530
10.402361
10.005033
10.360092
10.300919
10.136068
10.051531
10.199471
10.322050
10.000808
10.021942
10.005035
10.377002
10.165656
10.431951
10.567210
10.284010
10.516488
10.136068
10.216379
10.486900
10.305142
10.207924
10.406588
10.072666
10.368547
10.402361
10.212152
10.284008
10.114933
10.064211
10.322050
10.216379
10.372772
10.444630
10.292462
10.064210
10.186790
10.317824
10.009262
10.326279
10.444629
10.541848
10.292463
10.377001
10.313597
10.512260
10.351639
10.516487
10.178338
10.081119
10.520714
10.419270
10.229059
10.068438
10.009262
10.389681
10.245967
10.026167
10.106481
10.478446
10.322050
10.127614
10.114933
10.368546
10.144522
10.351640
10.038849
10.220607
10.169883
10.368547
10.296689
10.330505
10.385455
10.038849
10.085345
10.093799
10.254420
10.326278
10.486898
10.212152
10.216378
10.169883
10.165657
10.415043
10.034624
10.038851
10.093799
10.313596
10.131841
10.047303
10.474218
10.030396
10.554529
10.474219
10.081118
10.169883
10.448857
10.098025
10.093800
10.368547
10.279782
10.415045
10.499580
10.224832
10.284010
10.258648
10.377001
10.368547
10.453082
10.233285
10.017714
10.372773
10.207923
10.148749
10.360093
10.127615
10.212152
10.021941
10.355866
10.275555
10.207925
10.233287
10.410816
10.309370
10.360092
10.005034
10.300917
10.444631
10.030396
10.030396
10.216378
10.330504
10.005035
10.009262
10.034622
10.575665
10.017715
10.465764
10.076891
10.161429
10.203698
10.106481
10.334731
10.330505
10.237513
10.334732
10.377001
10.427723
10.415043
10.431950
10.533395
10.406588
10.491127
10.338959
10.343185
10.309371
10.474218
10.114934
10.148749
10.000809
10.601026
10.415042
10.465764
10.588344
10.245967
10.212152
10.516487
10.267100
10.351639
10.355865
10.038850
10.013488
10.169884
10.009262
10.364321
10.241740
10.448856
10.123387
10.334732
10.068439
10.220607
10.119160
10.393908
10.199471
10.258646
10.034622
10.000808
10.491126
10.081118
10.038851
10.436176
10.250192
10.199471
10.254419
10.355865
10.258648
10.453084
10.245966
10.376999
10.085345
10.157202
10.609479
10.123387
10.474218
10.482672
10.431951
10.415042
10.436175
10.110705
10.064211
10.148748
10.296689
10.241740
10.174110
10.220606
10.144522
10.381227
10.258648
10.516486
10.499580
10.131841
10.178337
10.381227
10.102252
10.102252
10.229059
10.064211
10.558757
10.212152
10.482673
10.453085
10.546076
10.064209
10.034623
10.059983
10.347411
10.419268
10.419270
10.448856
10.351639
10.317823
10.229058
10.431951
10.393908
10.038849
10.072664
10.127613
10.220605
10.406590
10.503808
10.085345
10.043076
10.524940
10.469992
10.398135
10.000808
10.300916
10.072664
10.043077
10.076891
10.503808
10.119160
10.381228
10.034623
10.157202
10.469992
10.296689
10.368546
10.114933
10.419269
10.389680
10.389681
10.410814
10.486899
10.423495
10.317824
10.047304
10.009261
10.267101
10.233285
10.148748
10.262873
10.093800
10.465765
10.157203
10.152975
10.241739
10.393908
10.199471
10.258648
10.305143
10.486899
10.157203
10.508034
10.233287
10.038849
10.119161
10.550303
10.465764
10.271329
10.415041
10.026169
10.237514
10.406589
10.444630
10.630613
10.761646
10.140296
10.258648
10.212152
10.575665
10.647521
10.005035
10.047303
10.127615
10.245968
10.381227
10.465765
10.431951
10.368546
10.486899
10.651748
10.698243
10.791236
10.732059
10.055758
10.774327
10.110706
10.047303
10.774327
10.148748
10.140295
10.220605
10.203698
10.055757
10.296689
10.216379
10.017716
10.127615
10.233286
10.858865
10.123387
10.161429
10.089572
10.182564
10.064211
10.034623
10.093800
10.863092
10.727833
10.761646
10.757421
10.081118
10.736284
10.622159
10.787010
10.617932
10.630614
10.486899
10.436177
10.457312
10.461539
10.503807
10.554530
10.334731
10.343186
10.355865
10.313597
10.364320
10.186790
10.279781
10.165656
10.427723
10.245966
10.174110
10.279781
10.254421
10.174109
10.144522
10.152975
10.816596
10.098025
10.309371
10.093800
10.182564
10.106480
10.051530
10.237513
10.123388
10.220605
10.169884
10.106481
10.381227
10.436177
10.592571
10.317823
10.478446
10.474218
10.338959
10.444631
10.702471
10.305141
10.444631
10.347412
10.461538
10.313598
10.313597
10.444632
10.427723
10.347412
10.326278
10.482673
10.774328
10.748967
10.609478
10.634840
10.681336
10.554528
10.698244
10.508034
10.220606
10.368546
10.461537
10.347413
10.157204
10.021943
10.098026
10.681335
10.537622
10.579890
10.271327
10.152976
10.250195
10.098026
10.685563
10.465765
10.457312
10.212152
10.059984
10.520715
10.419270
10.267100
10.203699
10.584117
10.402361
10.009260
10.503807
10.334732
10.110706
10.292463
10.000808
10.275555
10.199472
10.377000
10.131841
10.292462
10.093800
10.009261
10.381227
10.305143
10.436175
10.051530
10.448857
10.178337
10.419269
10.178337
10.262876
10.182564
10.131841
10.508034
10.123386
10.415042
10.423495
10.288237
10.448856
10.284009
10.182564
10.114933
10.102252
10.106481
10.081120
10.292463
10.448857
10.216379
10.275555
10.444630
10.005034
10.508033
10.148747
10.326277
10.415043
10.503807
10.110705
10.491126
10.093799
10.000808
10.013489
10.098026
10.512259
10.347412
10.571438
10.076892
10.182564
10.338958
10.389681
10.393909
10.406589
10.415043
10.317823
10.300916
10.338958
10.313598
10.431950
10.465765
10.093799
10.546076
10.541850
10.119161
10.182564
10.140295
10.203697
10.271330
10.165655
10.089574
10.550303
10.030396
10.038850
10.093801
10.491127
10.347412
10.313596
10.288236
10.381228
10.419270
10.229058
10.377000
10.402362
10.355866
10.322051
10.423494
10.537621
10.427724
10.503807
10.431951
10.461538
10.364320
10.030396
10.503807
10.207924
10.123386
10.317822
10.389682
10.469991
10.288236
10.351639
10.486900
10.119161
10.364320
10.508033
10.009260
10.305143
10.431952
10.005036
10.457312
10.503806
10.136068
10.377001
10.503807
10.123388
10.237514
10.529169
10.702470
10.605252
10.233286
10.199471
10.051530
10.271328
10.322051
10.330504
10.131842
10.144523
10.051531
10.127614
10.284010
10.089573
10.106481
10.000808
10.702470
10.660201
10.562984
10.567211
10.626387
10.233287
10.436175
10.389681
10.123387
10.123387
10.537622
10.605251
10.123388
10.064211
10.664429
10.393908
10.385454
10.157204
10.431950
10.207925
10.110708
10.351640
10.081119
10.415040
10.110707
10.347411
10.245967
10.474218
10.237513
10.440404
10.326277
10.165655
10.372773
10.026168
10.207925
10.026170
10.013489
10.195243
10.136068
10.309369
10.005033
10.161430
10.216378
10.038850
10.279782
10.059985
10.351639
10.275556
10.254419
10.309368
10.203697
10.322052
10.203699
10.326279
10.017715
10.165655
10.305144
10.322051
10.275557
10.279782
10.364320
10.351640
10.465765
10.419269
10.233286
10.419269
10.482674
10.453084
10.098025
10.267101
10.178337
10.207926
10.360092
10.241739
10.199471
10.377001
10.161429
10.406588
10.508035
10.381226
10.347413
10.241739
10.279781
10.326276
10.174109
10.068437
10.161429
10.110706
10.216378
10.102254
10.161428
10.000809
10.051530
10.026170
10.182564
10.152975
10.495354
10.241740
10.178337
10.212152
10.300917
10.275555
10.372774
10.334731
10.267101
10.098025
10.207924
10.110705
10.021942
10.512260
10.347412
10.292462
10.174109
10.110706
10.334731
10.131842
10.140295
10.102252
10.469993
10.313597
10.169883
10.241741
10.114934
10.423496
10.140295
10.499581
10.529169
10.119160
10.448857
10.076892
10.465766
10.499579
10.114933
10.436176
10.013488
10.055758
10.140296
10.292462
10.047303
10.258645
10.279780
10.279782
10.284008
10.186790
10.064211
10.398136
10.262876
10.186790
10.017715
10.224833
10.191016
10.030396
10.436177
10.093800
10.076891
10.309370
10.343185
10.059984
10.393907
10.119160
10.419270
10.026170
10.322051
10.478446
10.364320
10.427722
10.596799
10.579890
10.419270
10.275555
10.322051
10.343185
10.224833
10.292463
10.241739
10.360093
10.241739
10.182563
10.017716
10.296689
10.309370
10.250194
10.330503
10.127615
10.448856
10.195245
10.300916
10.377000
10.309369
10.415043
10.081119
10.431950
10.444632
10.368547
10.081118
10.296689
10.423496
10.013489
10.021942
10.275556
10.237513
10.144522
10.486898
10.343186
10.254420
10.152976
10.161428
10.140294
10.114934
10.216378
10.199471
10.427723
10.512260
10.457311
10.284008
10.279782
10.186790
10.055757
10.068437
10.317823
10.495352
10.131842
10.389681
10.571437
10.148749
10.364321
10.537621
10.136067
10.068438
10.326278
10.486899
10.630614
10.009261
10.034622
10.110706
10.803917
10.030396
10.169884
10.250193
10.000809
10.110706
10.639068
10.651749
10.469992
10.338960
10.237514
10.681336
10.634840
10.423495
10.224833
10.064211
10.017716
10.546075
10.309370
10.203697
10.148749
10.009262
10.499580
10.309369
10.457310
10.571436
10.457312
10.284008
10.220605
10.478445
10.364322
10.461537
10.309370
10.089574
10.313596
10.393909
10.393907
10.140294
10.402361
10.322051
10.191016
10.317823
10.250194
10.288235
10.364319
10.021941
10.182564
10.296689
10.013489
10.186791
10.423497
10.144522
10.017715
10.385456
10.347413
10.465765
10.440404
10.152975
10.284009
10.224833
10.262875
10.495354
10.296690
10.203697
10.165657
10.330504
10.478445
10.562983
10.005034
10.076893
10.157202
10.216379
10.503806
10.512262
10.562983
10.051531
10.233285
10.393909
10.372774
10.338959
10.415043
10.254420
10.533395
10.461538
10.347412
10.402361
10.343185
10.334731
10.275556
10.072665
10.038849
10.453084
10.381227
10.436176
10.533395
10.038849
10.588346
10.562983
10.609479
10.567210
10.085346
10.038851
10.047303
10.144523
10.009262
10.262874
10.085346
10.457312
10.174110
10.013488
10.529166
10.000808
10.457312
10.229060
10.021941
10.398134
10.495353
10.300917
10.245967
10.461538
10.009261
10.076892
10.423496
10.017715
10.068438
10.262876
10.216378
10.005034
10.381227
10.152975
10.199471
10.440403
10.224833
10.157202
10.131841
10.131840
10.140295
10.241739
10.360093
10.364321
10.250195
10.106480
10.013489
10.381227
10.275556
10.068438
10.377000
10.326278
10.275555
10.009262
10.157202
10.093801
10.482673
10.165656
10.398135
10.064212
10.275556
10.195246
10.093801
10.330503
10.292463
10.520714
10.144522
10.038849
10.300918
10.072666
10.021942
10.461538
10.229060
10.207925
10.047303
10.098026
10.064211
10.453086
10.203697
10.017715
10.174109
10.000807
10.393909
10.406588
10.300917
10.254421
10.144522
10.389680
10.254420
10.136068
10.017715
10.119160
10.254420
10.174109
10.305142
10.216377
10.245965
10.300917
10.148748
10.123387
10.415043
10.191018
10.406589
10.165655
10.596798
10.017715
10.305142
10.009262
10.059984
10.474219
10.098027
10.630614
10.508034
10.677109
10.275555
10.453084
10.516488
10.254421
10.322050
10.546075
10.660203
10.867319
10.051530
10.550303
10.681336
10.664428
10.085344
10.152976
10.089573
10.478447
10.461538
10.355866
10.579891
10.520713
10.571437
10.495353
10.655974
10.524941
10.592571
10.550303
10.571437
10.681336
10.668655
10.567210
10.655975
10.499580
10.347412
10.533395
10.267100
10.393909
10.148748
10.334732
10.165656
10.926496
10.681335
10.744739
10.520714
10.284009
10.343185
10.013488
10.702470
10.710923
10.406590
10.326278
10.123388
10.068438
10.427724
10.381227
10.123387
10.592571
10.440404
10.241741
10.068438
10.495355
10.288235
10.114935
10.482672
10.093800
10.355865
10.343184
10.520715
10.292461
10.076892
10.144523
10.410814
10.207924
10.338959
10.009263
10.288236
10.279782
10.229058
10.364319
10.398135
10.262877
10.245967
10.059985
10.330504
10.338958
10.444630
10.398133
10.322050
10.436176
10.017715
10.005033
10.508034
10.524943
10.127615
10.127614
10.457311
10.191017
10.085346
10.482673
10.059984
10.182565
10.338959
10.030396
10.021942
10.588346
10.431950
10.495353
10.457311
10.093799
10.009261
10.102253
10.161428
10.368547
10.076891
10.186790
10.326279
10.309371
10.216379
10.085345
10.026170
10.486899
10.461538
10.343186
10.338960
10.271328
10.152976
10.169882
10.229059
10.262875
10.267101
10.203700
10.026168
10.322052
10.389680
10.465765
10.491127
10.478445
10.491127
10.529167
10.013488
10.444630
10.026169
10.444630
10.305142
10.360092
10.021942
10.005033
10.093800
10.114935
10.089573
10.076891
10.106481
10.068437
10.296689
10.330503
10.267101
10.258647
10.423495
10.309371
10.431951
10.021942
10.148747
10.136067
10.093801
10.195244
10.043078
10.098026
10.110707
10.021942
10.508034
10.478446
10.495353
10.491127
10.271329
10.245967
10.220606
10.212152
10.220606
10.174110
10.347413
10.546076
10.051530
10.499580
10.499579
10.093800
10.106480
10.140294
10.055758
10.110707
10.017715
10.114933
10.457312
10.516487
10.021943
10.474219
10.448857
10.355866
10.512259
10.106479
10.152976
10.140294
10.119161
10.106480
10.245967
10.296690
10.195245
10.313598
10.047303
10.017716
10.030396
10.195244
10.385454
10.237514
10.102252
10.186791
10.216377
10.271329
10.360092
10.148748
10.313597
10.313597
10.064211
10.241740
10.076890
10.030396
10.140295
10.009262
10.284009
10.085346
10.021942
10.072664
10.102252
10.047303
10.288235
10.224833
10.508034
10.393908
10.076890
10.415042
10.402363
10.055757
10.207924
10.174111
10.427723
10.372774
10.216379
10.305142
10.343185
10.165656
10.305142
10.262876
10.123389
10.575664
10.216380
10.533394
10.089572
10.609479
10.529169
10.186790
10.059984
10.127614
10.351639
10.005034
10.233286
10.453084
10.609479
10.664429
10.165656
10.245966
10.639068
10.161430
10.858864
10.106480
10.258648
10.389680
10.503807
10.491126
10.567211
10.605252
10.588345
10.803916
10.841957
10.863092
10.880000
10.833504
10.051530
10.765875
10.698243
10.901134
10.017716
10.799688
11.006805
10.761647
10.901134
10.795462
10.732058
10.043077
10.567210
10.664430
10.677110
10.550303
10.389682
10.486900
10.237513
10.182564
10.888453
10.672882
10.546076
10.567209
10.474220
10.250195
10.271329
10.072664
10.622160
10.440404
10.372772
10.072665
10.017715
10.554528
10.402363
10.203699
10.672883
10.520714
10.254421
10.605252
10.444633
10.136068
10.427723
10.279782
10.144523
10.254420
10.034622
10.322051
10.376999
10.068437
10.326277
10.296688
10.055758
10.191017
10.402362
10.085346
10.178339
10.207925
10.360094
10.072664
10.309371
10.372773
10.059985
10.038848
10.038849
10.148748
10.119161
10.064210
10.081118
10.465765
10.478446
10.119160
10.106480
10.469991
10.098026
10.034623
10.195244
10.254421
10.334731
10.237513
10.279782
10.085345
10.317823
10.038851
10.047302
10.174109
10.410815
10.385453
10.114935
10.034622
10.000807
10.174109
10.195243
10.292463
10.258648
10.431950
10.520713
10.140295
10.410815
10.469990
10.186790
10.482671
10.021942
10.550302
10.537621
10.174109
10.068438
10.486898
10.520716
10.453085
10.406588
10.495352
10.550303
10.588344
10.419270
10.292463
10.258648
10.089572
10.444631
10.338958
10.326278
10.402362
10.216379
10.275556
10.537621
10.461537
10.558756
10.140294
10.068438
10.026169
10.017715
10.119161
10.093799
10.178337
10.169883
10.148748
10.038849
10.081119
10.216380
10.415042
10.030396
10.262875
10.326279
10.267099
10.165657
10.478447
10.309372
10.085345
10.191017
10.469992
10.110706
10.191017
10.474219
10.554528
10.081119
10.524941
10.021942
10.326279
10.368546
10.292462
10.364320
10.347412
10.351640
10.300917
10.465763
10.034623
10.279782
10.212152
10.393909
10.453083
10.076891
10.338958
10.326278
10.152975
10.216379
10.148749
10.224833
10.326277
10.453086
10.068439
10.043077
10.444631
10.364319
10.212152
10.216379
10.169884
10.199471
10.152975
10.258647
10.220605
10.212151
10.199471
10.043077
10.478445
10.131843
10.191017
10.275555
10.402362
10.469992
10.055758
10.051531
10.106480
10.169884
10.110706
10.140294
10.279783
10.372773
10.347411
10.385454
10.355865
10.360092
10.343186
10.415043
10.343185
10.326279
10.317824
10.381227
10.436177
10.368546
10.275556
10.284010
10.186791
0.000000
0.000000
0.000000
0.000000
0.000000
0.000000
0.000000
0.000000
0.000000
0.000000
0.000000
0.000000
0.000000
0.000000
0.000000
0.000000
0.000000
0.000000
0.000000
0.000000
0.000000
0.000000
0.000000
0.000000
0.000000
0.000000
0.000000
0.000000
0.000000
0.000000
0.000000
0.000000
0.000000
0.000000
