0.047815
0.049629
0.047676
0.044946
0.043705
0.043228
0.050202
0.057233
0.053273
0.050312
0.051262
0.050667
0.044312
0.042397
0.049358
0.051362
0.051724
0.052365
0.051269
0.048593
0.043800
0.045534
0.047201
0.050590
0.052621
0.049824
0.050105
0.044078
0.037991
0.040574
0.041714
0.043705
0.045990
0.042772
0.046320
0.045269
0.036281
0.036117
0.045346
0.050655
0.050829
0.048259
0.049237
0.055742
0.053824
0.046484
0.045723
0.046768
0.047873
0.045080
0.045578
0.047699
0.050725
0.049594
0.043864
0.048522
0.050470
0.048173
0.047965
0.049946
0.052813
0.052493
0.046263
0.042574
0.044404
0.043557
0.048185
0.050214
0.049301
0.049361
0.045012
0.042366
0.041347
0.047257
0.051093
0.048813
0.044480
0.044583
0.044663
0.044685
0.046772
0.047084
0.048819
0.048357
0.049532
0.049448
0.045467
0.043175
0.044648
0.045810
0.047467
0.047653
0.044366
0.044290
0.045368
0.049061
0.049304
0.049971
0.051968
0.052148
0.052801
0.051657
0.048712
0.047282
0.050335
0.051586
0.055579
0.053347
0.049910
0.052724
0.047339
0.041724
0.044637
0.048897
0.044757
0.045900
0.049448
0.050676
0.048232
0.042311
0.041216
0.042984
0.041551
0.042974
0.048997
0.047965
0.047595
0.046234
0.048861
0.050044
0.045102
0.038095
0.040933
0.048506
0.046218
0.051031
0.053581
0.046275
0.044979
0.044968
0.049629
0.053672
0.052122
0.051930
0.046211
0.044143
0.043175
0.041988
0.046012
0.046693
0.048232
0.051851
0.049568
0.043398
0.041399
0.045124
0.049337
0.045956
0.043377
0.044053
0.044870
0.044426
0.039822
0.040320
0.043292
0.044692
0.049824
0.050373
0.045257
0.043016
0.042191
0.042765
0.043451
0.046670
0.049037
0.047238
0.045456
0.048129
0.050787
0.044361
0.042605
0.046924
0.048381
0.053260
0.051418
0.049995
0.052031
0.045134
0.040859
0.045235
0.045833
0.043345
0.047142
0.047595
0.047873
0.044480
0.042314
0.044448
0.043736
0.044200
0.045026
0.048914
0.049412
0.045766
0.041927
0.042538
0.047432
0.053185
0.050420
0.050093
0.052248
0.044290
0.041347
0.046245
0.046099
0.042170
0.042109
0.044329
0.049105
0.050226
0.046750
0.044139
0.045412
0.049532
0.052673
0.051418
0.049873
0.051531
0.050447
0.046677
0.043600
0.044491
0.046450
0.049400
0.046297
0.039148
0.042517
0.045037
0.043144
0.046076
0.048397
0.049117
0.052903
0.053790
0.050862
0.042890
0.040387
0.043938
0.042974
0.047884
0.046993
0.043578
0.044933
0.044957
0.041359
0.039005
0.044535
0.044279
0.047467
0.049169
0.047188
0.045945
0.045975
0.042047
0.034838
0.044572
0.052468
0.051081
0.050994
0.049409
0.047432
0.045523
0.044010
0.047641
0.051488
0.050824
0.049496
0.046297
0.042740
0.045279
0.047757
0.042170
0.040485
0.043229
0.041541
0.040843
0.047710
0.052442
0.048558
0.045468
0.041795
0.045611
0.034722
0.049472
0.047110
0.048451
0.061554
0.044247
0.045546
0.045302
0.043335
0.047050
0.048921
0.046068
0.046387
0.046189
0.044925
0.042321
0.044307
0.048475
0.053211
0.046252
0.038742
0.043631
0.047792
0.049667
0.050165
0.048694
0.048949
0.047537
0.046331
0.047560
0.051206
0.048647
0.050226
0.053198
0.047386
0.045501
0.048161
0.046099
0.048141
0.051889
0.046495
0.044021
0.044761
0.041511
0.038227
0.041287
0.047502
0.051362
0.048902
0.046693
0.047745
0.049788
0.047316
0.043684
0.045922
0.045434
0.046382
0.048428
0.048243
0.048961
0.047038
0.042719
0.040232
0.041663
0.043853
0.053490
0.055701
0.049057
0.053302
0.055594
0.049004
0.039549
0.037984
0.047757
0.053043
0.048510
0.048141
0.050762
0.049069
0.045301
0.040584
0.038518
0.047409
0.054265
0.049544
0.046772
0.050457
0.048593
0.044014
0.048385
0.052366
0.052366
0.053607
0.047084
0.039124
0.039105
0.045734
0.051275
0.053594
0.054633
0.043483
0.038659
0.043047
0.045135
0.041409
0.041450
0.047606
0.051018
0.050969
0.045799
0.046065
0.050238
0.047270
0.043906
0.043949
0.041714
0.041440
0.046913
0.046681
0.044404
0.047711
0.048235
0.044724
0.049606
0.056292
0.054205
0.056914
0.057338
0.052853
0.050361
0.045701
0.048885
0.052340
0.051493
0.053817
0.053581
0.050664
0.048475
0.046308
0.046478
0.050287
0.055282
0.058370
0.048878
0.045091
0.048897
0.044469
0.040456
0.046189
0.053651
0.051657
0.047351
0.043430
0.043197
0.044892
0.044064
0.046715
0.051699
0.051418
0.047792
0.045933
0.046001
0.042855
0.037898
0.039861
0.045956
0.050420
0.049217
0.046886
0.048789
0.051649
0.046410
0.040320
0.042678
0.047953
0.049606
0.048243
0.049301
0.047991
0.046837
0.045457
0.049631
0.054350
0.053712
0.047803
0.046886
0.043663
0.040047
0.044161
0.043599
0.045788
0.048126
0.052429
0.051838
0.047769
0.042848
0.041003
0.041033
0.044075
0.047282
0.048825
0.051955
0.046495
0.045335
0.046841
0.046806
0.047119
0.051581
0.056200
0.049667
0.042621
0.038349
0.037778
0.038546
0.045501
0.047087
0.043472
0.045546
0.048641
0.049580
0.048676
0.050886
0.049264
0.049484
0.050688
0.051075
0.050116
0.048499
0.048635
0.047098
0.046382
0.043715
0.040873
0.043631
0.047583
0.049910
0.045633
0.043125
0.043651
0.043271
0.050553
0.047119
0.042887
0.047769
0.047119
0.046455
0.046734
0.048047
0.051481
0.054997
0.054385
0.047781
0.044713
0.052019
0.051539
0.045412
0.045246
0.050080
0.054399
0.047365
0.038797
0.040105
0.050396
0.046068
0.039350
0.043302
0.044670
0.054193
0.054763
0.045667
0.046043
0.055905
0.058483
0.045978
0.039969
0.042699
0.041816
0.038735
0.037174
0.039562
0.048126
0.054876
0.051737
0.045822
0.044605
0.046688
0.047653
0.043387
0.041582
0.045701
0.053368
0.054633
0.050019
0.050068
0.053725
0.053058
0.048373
0.043133
0.042543
0.042177
0.044609
0.050492
0.043978
0.037818
0.033832
0.037653
0.046643
0.052890
0.052915
0.053056
0.052570
0.042356
0.034562
0.041867
0.047199
0.047676
0.048861
0.052532
0.056948
0.047838
0.039219
0.035586
0.038687
0.047024
0.048012
0.044670
0.040779
0.043123
0.049436
0.047548
0.042273
0.046166
0.053328
0.054180
0.054332
0.052365
0.047664
0.039100
0.041153
0.046955
0.050713
0.052391
0.050688
0.049727
0.042636
0.045135
0.045445
0.040983
0.042616
0.041379
0.044064
0.046693
0.046864
0.049934
0.052159
0.051181
0.048837
0.048581
0.050154
0.050956
0.051841
0.050386
0.049225
0.046177
0.038799
0.047444
0.053412
0.048349
0.052057
0.048487
0.041855
0.044318
0.047967
0.051387
0.052660
0.049873
0.047849
0.043778
0.043768
0.041663
0.042208
0.034335
0.052634
0.048338
0.059875
0.045557
0.044677
0.045224
0.031461
0.049727
0.055282
0.055701
0.053615
0.045069
0.036703
0.036099
0.039901
0.050981
0.051619
0.046586
0.047364
0.050092
0.049514
0.047909
0.047991
0.047991
0.051022
0.053364
0.049958
0.044322
0.039745
0.041673
0.044706
0.043535
0.049033
0.051968
0.048641
0.048070
0.043874
0.044502
0.049213
0.047688
0.046399
0.050019
0.053005
0.049582
0.049240
0.048510
0.041460
0.043695
0.051093
0.048164
0.042890
0.045302
0.043260
0.039881
0.044075
0.048878
0.048361
0.047548
0.051456
0.053341
0.048176
0.044491
0.046524
0.045756
0.042761
0.048070
0.051598
0.047757
0.050969
0.050202
0.044329
0.043292
0.044848
0.050994
0.056214
0.056364
0.051031
0.046342
0.047711
0.043748
0.042180
0.046144
0.047178
0.048369
0.048153
0.047630
0.045611
0.045058
0.045877
0.047944
0.050337
0.050238
0.048635
0.044394
0.047699
0.054008
0.048629
0.043992
0.047153
0.049861
0.051168
0.051940
0.052583
0.047664
0.041289
0.041998
0.045745
0.051118
0.051175
0.049244
0.053555
0.050701
0.049085
0.050494
0.047991
0.045911
0.046433
0.051175
0.049934
0.044761
0.045170
0.046875
0.048235
0.049530
0.046852
0.049837
0.055282
0.048279
0.042678
0.046387
0.050420
0.052046
0.046455
0.046752
0.047350
0.048534
0.049691
0.043314
0.043091
0.046784
0.047236
0.038986
0.043398
0.049764
0.043652
0.043324
0.046552
0.048290
0.043896
0.042974
0.045634
0.042321
0.045478
0.051200
0.051225
0.045900
0.042548
0.043165
0.045810
0.052827
0.052315
0.048553
0.045678
0.044312
0.047374
0.047236
0.044518
0.046552
0.049301
0.048510
0.050031
0.049264
0.047270
0.041176
0.045015
0.057352
0.054536
0.048082
0.046331
0.047653
0.041287
0.045611
0.046241
0.045390
0.048671
0.044746
0.045656
0.045766
0.047641
0.045037
0.042740
0.046829
0.053988
0.056658
0.050349
0.038386
0.042995
0.049946
0.045301
0.048129
0.050080
0.049764
0.050238
0.049897
0.045534
0.043292
0.050618
0.043632
0.038602
0.045810
0.051481
0.058154
0.049045
0.041146
0.047560
0.052455
0.047433
0.044221
0.046636
0.049462
0.052519
0.043885
0.039482
0.046241
0.052404
0.049105
0.039862
0.044043
0.053058
0.050287
0.040222
0.040027
0.048463
0.055202
0.051088
0.040551
0.043154
0.048956
0.044659
0.037209
0.039415
0.053955
0.061153
0.050688
0.045842
0.047837
0.047560
0.044014
0.039071
0.040242
0.049045
0.052301
0.047850
0.046349
0.049438
0.047016
0.043047
0.048861
0.053633
0.049105
0.046245
0.051043
0.045788
0.043377
0.047979
0.045357
0.048432
0.057324
0.049445
0.039273
0.040096
0.044605
0.043631
0.036047
0.037507
0.047178
0.047940
0.045490
0.047711
0.052135
0.055202
0.049069
0.042019
0.045822
0.055053
0.055242
0.047467
0.041724
0.045933
0.050264
0.044578
0.039492
0.042057
0.046981
0.051531
0.045135
0.042445
0.050845
0.049849
0.041450
0.042362
0.049873
0.050056
0.045146
0.042027
0.046901
0.049460
0.046076
0.046230
0.051162
0.053568
0.049667
0.044204
0.043387
0.044837
0.044448
0.049983
0.047699
0.045744
0.054917
0.052892
0.042580
0.042191
0.043736
0.046659
0.050932
0.052378
0.052097
0.044329
0.036939
0.035961
0.038339
0.043037
0.048153
0.053942
0.058068
0.054483
0.044859
0.038012
0.044870
0.057638
0.053982
0.043737
0.047490
0.053507
0.047282
0.038021
0.042595
0.050639
0.050919
0.045755
0.045080
0.054553
0.055363
0.041490
0.029733
0.036489
0.056200
0.061153
0.044925
0.042006
0.052289
0.051312
0.043727
0.039639
0.045236
0.055080
0.051362
0.041612
0.035498
0.048444
0.055201
0.038339
0.032883
0.058498
0.050725
0.056415
0.045699
0.039200
0.051674
0.043589
0.044111
0.045623
0.043461
0.045445
0.050398
0.054292
0.053712
0.044128
0.040105
0.045920
0.051194
0.048217
0.043102
0.046417
0.052219
0.048973
0.038748
0.040449
0.052827
0.053494
0.048510
0.048569
0.051876
0.051531
0.046608
0.047815
0.052224
0.051113
0.053464
0.052110
0.045987
0.046087
0.045723
0.037507
0.038424
0.047942
0.052839
0.051481
0.047862
0.048593
0.048522
0.043207
0.038433
0.045611
0.050800
0.047059
0.048432
0.049922
0.051518
0.047433
0.039648
0.050639
0.058269
0.053084
0.048259
0.043981
0.041267
0.039872
0.042239
0.045611
0.047363
0.046898
0.046586
0.045600
0.047514
0.052953
0.050870
0.046387
0.051531
0.052634
0.046297
0.042242
0.041795
0.047420
0.046875
0.043483
0.044793
0.051001
0.059656
0.057081
0.044990
0.038640
0.044925
0.047606
0.048569
0.051787
0.050862
0.051712
0.048035
0.044404
0.046020
0.043451
0.043366
0.047711
0.047606
0.052865
0.057755
0.054443
0.050630
0.044046
0.040242
0.042911
0.044437
0.045855
0.045269
0.044870
0.047420
0.050750
0.045102
0.041693
0.046829
0.051867
0.051100
0.048035
0.048024
0.045712
0.048223
0.049276
0.048647
0.049169
0.049484
0.049069
0.047838
0.045258
0.044615
0.042455
0.042890
0.048082
0.050238
0.047548
0.047165
0.044703
0.037543
0.036299
0.038283
0.042667
0.052110
0.054850
0.050568
0.042709
0.039784
0.046365
0.050713
0.051703
0.051616
0.051586
0.052237
0.049237
0.042632
0.041826
0.040535
0.042900
0.050371
0.051892
0.050874
0.044589
0.039578
0.041490
0.040769
0.042543
0.042900
0.047363
0.055133
0.048748
0.040799
0.038986
0.035847
0.038518
0.048475
0.051561
0.049361
0.050509
0.043557
0.039549
0.044949
0.046958
0.043684
0.051905
0.055039
0.045135
0.045279
0.046654
0.046574
0.049983
0.052506
0.052417
0.054173
0.054730
0.053390
0.048944
0.043834
0.040819
0.040212
0.048070
0.047478
0.041234
0.045812
0.048777
0.045922
0.044870
0.038518
0.039569
0.053995
0.055080
0.051804
0.046829
0.039940
0.038630
0.040581
0.044583
0.050593
0.055566
0.055593
0.048784
0.040684
0.040963
0.047004
0.049897
0.047467
0.050568
0.056640
0.052493
0.044546
0.042242
0.042150
0.040719
0.045401
0.053429
0.054218
0.052122
0.049958
0.048428
0.050056
0.050556
0.050969
0.052160
0.048866
0.046936
0.046631
0.043165
0.046597
0.049788
0.044437
0.047374
0.049715
0.045146
0.047153
0.047757
0.042942
0.044535
0.046886
0.047944
0.053175
0.053612
0.047409
0.046155
0.047142
0.050080
0.049337
0.040086
0.040789
0.045998
0.045931
0.047456
0.046620
0.048801
0.051306
0.046450
0.045390
0.053416
0.054700
0.048247
0.045634
0.044171
0.042548
0.041541
0.041136
0.044674
0.048357
0.047572
0.048664
0.045667
0.045445
0.052262
0.049812
0.046501
0.049349
0.049568
0.049016
0.049397
0.049776
0.048629
0.048314
0.045490
0.041096
0.042605
0.048534
0.049605
0.046342
0.045534
0.046501
0.049861
0.049085
0.047190
0.046795
0.042129
0.043366
0.042699
0.045235
0.048188
0.049958
0.054853
0.051038
0.050738
0.047130
0.041470
0.043588
0.043938
0.043005
0.045645
0.049946
0.049655
0.041673
0.040261
0.041267
0.041389
0.043356
0.042848
0.044583
0.047409
0.043515
0.042621
0.045468
0.044372
0.044043
0.045236
0.048290
0.050688
0.048173
0.045478
0.050031
0.049409
0.047944
0.045146
0.045634
0.052339
0.048349
0.040311
0.043016
0.046552
0.045069
0.044724
0.033410
0.050989
0.053798
0.047502
0.060407
0.033589
0.049460
0.048059
0.048314
0.050932
0.049205
0.046727
0.046275
0.046898
0.043206
0.043079
0.049837
0.047769
0.046608
0.045645
0.039852
0.040903
0.046043
0.047930
0.043366
0.044783
0.046196
0.045102
0.045058
0.044475
0.045434
0.048381
0.056914
0.057143
0.048475
0.044957
0.045956
0.045080
0.047988
0.049361
0.048373
0.051724
0.053633
0.052890
0.047093
0.041274
0.044067
0.048610
0.047781
0.047351
0.046308
0.046054
0.049667
0.043874
0.042314
0.051787
0.052724
0.048825
0.050408
0.053286
0.050593
0.040929
0.038808
0.042037
0.040670
0.046552
0.052302
0.048279
0.043493
0.043748
0.043684
0.045445
0.046970
0.046035
0.053407
0.056162
0.052069
0.043727
0.039482
0.046387
0.048385
0.047084
0.053172
0.056461
0.052171
0.044100
0.043610
0.048944
0.047780
0.042963
0.046421
0.051649
0.047224
0.044783
0.046681
0.045258
0.043123
0.039277
0.045434
0.052763
0.049397
0.047595
0.047769
0.051275
0.049897
0.047038
0.047734
0.048813
0.049157
0.052021
0.048612
0.039755
0.041510
0.044982
0.043060
0.041176
0.046308
0.047096
0.042507
0.041033
0.039229
0.044485
0.046833
0.046970
0.049679
0.047895
0.051043
0.052069
0.044215
0.042060
0.049764
0.053772
0.049412
0.042393
0.048000
0.055714
0.053247
0.048558
0.044372
0.042817
0.043112
0.049069
0.049824
0.044903
0.044437
0.046031
0.046625
0.044815
0.047676
0.048420
0.042366
0.047467
0.048789
0.042331
0.043810
0.044394
0.045512
0.047386
0.045998
0.048117
0.046700
0.038621
0.036840
0.047641
0.055431
0.052237
0.046012
0.043175
0.047201
0.046750
0.042129
0.042538
0.048153
0.050482
0.047988
0.047213
0.045866
0.045600
0.047456
0.048115
0.046495
0.048024
0.046467
0.043578
0.049057
0.049849
0.043292
0.042963
0.048730
0.047270
0.045302
0.046924
0.049121
0.052557
0.052404
0.045855
0.043938
0.049605
0.046320
0.043810
0.037571
0.038058
0.047374
0.049520
0.045964
0.043493
0.049433
0.047699
0.046757
0.048593
0.048961
0.049325
0.048397
0.049057
0.040769
0.035108
0.043768
0.048866
0.048789
0.047339
0.047096
0.046944
0.039186
0.035219
0.043419
0.049252
0.048150
0.049133
0.051649
0.050263
0.045546
0.041063
0.040144
0.049121
0.057970
0.055634
0.044990
0.039832
0.040183
0.044626
0.047142
0.048569
0.050056
0.049385
0.050361
0.046342
0.039162
0.039348
0.042584
0.044837
0.049276
0.047282
0.047942
0.047270
0.042616
0.043229
0.046185
0.046829
0.046297
0.048588
0.054257
0.053351
0.037975
0.037741
0.050812
0.051978
0.053250
0.056080
0.058527
0.055660
0.050263
0.047548
0.045908
0.053559
0.057924
0.056333
0.053766
0.051703
0.052237
0.052288
0.054067
0.049946
0.046353
0.045091
0.048416
0.053594
0.048748
0.044933
0.043791
0.043810
0.044189
0.050019
0.051804
0.050335
0.048878
0.044275
0.044107
0.041602
0.041867
0.046433
0.053328
0.056746
0.053659
0.051737
0.050226
0.049679
0.046489
0.044556
0.053672
0.055296
0.045037
0.040027
0.039071
0.044128
0.047583
0.043832
0.041186
0.045390
0.051200
0.052621
0.048558
0.041785
0.043239
0.045445
0.044946
0.048173
0.049474
0.053260
0.053725
0.043737
0.037552
0.043249
0.048259
0.045557
0.047803
0.053377
0.051306
0.046592
0.049922
0.048267
0.041399
0.047178
0.057769
0.059071
0.054054
0.047664
0.043853
0.046286
0.048197
0.048612
0.054933
0.057684
0.054231
0.048553
0.044615
0.042653
0.044867
0.050837
0.049739
0.047305
0.060989
0.031538
0.061168
0.045168
0.031604
0.048428
0.052686
0.050894
0.047895
0.046784
0.045998
0.046795
0.049385
0.051325
0.049301
0.046654
0.048777
0.052968
0.051049
0.042569
0.037916
0.047513
0.051800
0.046932
0.051682
0.047885
0.045877
0.053194
0.048973
0.043493
0.049484
0.052839
0.053134
0.051825
0.045312
0.046177
0.054959
0.056159
0.044605
0.041389
0.047502
0.049799
0.048215
0.038678
0.038227
0.043842
0.044437
0.050824
0.049532
0.044085
0.046043
0.045866
0.042719
0.043249
0.046065
0.045434
0.048279
0.050676
0.047352
0.048126
0.050519
0.048270
0.049653
0.050142
0.047001
0.045225
0.044984
0.045808
0.045512
0.044881
0.047409
0.052019
0.052327
0.047977
0.042880
0.042584
0.045225
0.048392
0.045379
0.041978
0.042393
0.048569
0.047525
0.042068
0.048024
0.045822
0.045102
0.045468
0.043695
0.050642
0.053704
0.050519
0.044626
0.044046
0.043855
0.043345
0.050725
0.052711
0.054527
0.057136
0.048480
0.036712
0.038311
0.042170
0.044626
0.046643
0.047734
0.054244
0.053442
0.049201
0.044469
0.042341
0.044225
0.045178
0.053136
0.054999
0.044010
0.041166
0.048082
0.047757
0.041531
0.043599
0.048676
0.057666
0.052737
0.043748
0.043992
0.041490
0.044485
0.043154
0.042611
0.052057
0.054796
0.045058
0.037011
0.041146
0.042838
0.043039
0.051225
0.053455
0.052173
0.052327
0.050857
0.049264
0.047027
0.043746
0.046450
0.046076
0.041236
0.045877
0.050775
0.048188
0.045468
0.044801
0.044355
0.049021
0.049264
0.047780
0.049240
0.048754
0.048035
0.046121
0.043472
0.041327
0.044290
0.050497
0.056230
0.055080
0.049655
0.041176
0.042252
0.047409
0.041857
0.046734
0.054054
0.051573
0.047630
0.042491
0.043974
0.049946
0.048397
0.048392
0.054906
0.054890
0.045634
0.037607
0.039325
0.044139
0.037787
0.037778
0.047110
0.052749
0.046886
0.034141
0.042129
0.056456
0.046886
0.031979
0.037020
0.052545
0.061213
0.048944
0.035873
0.041602
0.051829
0.049667
0.040784
0.049656
0.065825
0.055539
0.036957
0.036379
0.046506
0.049667
0.043461
0.046472
0.062282
0.065088
0.050363
0.041398
0.042719
0.049544
0.044350
0.036056
0.042807
0.054580
0.052171
0.039392
0.035159
0.042921
0.053772
0.057053
0.051556
