3.586447
3.330272
3.202185
2.946010
1.921311
1.280874
1.537049
2.177486
0.640437
1.408961
-0.128087
0.512350
-0.256175
-0.768524
1.152787
-2.433661
-1.537049
-0.896612
-0.768524
-1.921311
-2.561748
-2.946010
-2.817923
-2.561748
-2.049398
-1.024699
-5.123496
-3.458360
-3.330272
-3.714535
-4.867321
-4.483059
-3.970709
-5.123496
-6.532457
-2.689835
-5.763933
-5.763933
-6.020108
-5.763933
-5.507758
-6.660544
-7.172894
-6.532457
-6.276282
-6.788632
-6.916719
-7.941419
-7.172894
-8.069506
-5.763933
-7.429069
-9.094205
-5.763933
-9.094205
-9.094205
-7.557157
-7.941419
-8.838030
-6.788632
-9.478467
-9.862729
-8.453768
-8.966118
-9.350380
-8.838030
-8.581856
-8.709943
-8.581856
-8.966118
-8.581856
-8.838030
-9.222293
-8.709943
-8.325681
-9.094205
-8.966118
-8.453768
-8.838030
-8.709943
-7.941419
-9.606555
-8.966118
-6.788632
-8.966118
-9.606555
-9.350380
-9.350380
-6.788632
-7.941419
-3.714535
-3.714535
-4.098797
-3.714535
-3.842622
-3.970709
-4.098797
-3.842622
-3.586447
-3.842622
-3.074097
-4.354971
-2.946010
-4.611146
-3.202185
-3.330272
-3.074097
-3.330272
-3.330272
-2.946010
-2.689835
-2.946010
-3.074097
-2.817923
-2.817923
-2.689835
-2.817923
-2.689835
-2.689835
-2.689835
-2.817923
-3.074097
-3.074097
-2.946010
-2.946010
-2.946010
-3.330272
-1.024699
-3.074097
1.152787
-2.305573
-1.024699
-2.177486
1.793224
1.793224
1.921311
1.280874
1.152787
1.665136
1.793224
2.433661
3.202185
4.483059
5.123496
5.892020
6.276282
6.404370
7.300982
7.429069
9.478467
9.478467
8.453768
7.941419
8.325681
9.350380
10.631254
9.094205
8.453768
10.759341
11.399778
11.527865
12.168303
11.527865
12.040215
13.064915
12.168303
13.577264
14.858138
14.089614
14.345788
13.449177
13.577264
14.345788
13.705351
14.858138
15.242400
14.345788
15.370487
16.779449
15.498575
16.907536
16.651361
17.035624
15.754749
15.626662
17.163712
15.754749
14.986225
18.188410
19.597372
13.961526
19.853546
16.651361
16.907536
17.676060
17.932236
16.523273
19.853546
20.237808
18.572672
16.907536
18.572672
16.267099
15.754749
19.597372
17.547974
16.267099
17.035624
19.085022
17.291798
16.139011
16.907536
18.572672
17.547974
16.907536
16.651361
15.882837
16.651361
17.676060
16.779449
15.754749
17.804148
16.779449
16.779449
17.291798
14.473876
15.370487
14.858138
14.601963
14.473876
12.808740
12.296390
13.064915
11.655953
10.759341
10.503166
11.655953
10.375079
8.838030
7.941419
9.222293
8.453768
6.660544
6.916719
6.404370
6.788632
5.251583
5.123496
5.507758
4.354971
3.970709
3.586447
3.202185
2.177486
1.408961
1.280874
1.280874
1.024699
0.128087
-0.256175
-0.640437
-1.280874
-1.408961
-1.152787
-1.024699
-1.921311
-2.817923
-3.586447
-3.970709
-3.970709
-3.970709
-4.611146
-6.020108
-6.148195
-5.379671
-5.892020
-6.788632
-7.557157
-7.941419
-7.557157
-7.557157
-7.813331
-8.581856
-10.118904
-9.094205
-9.606555
-9.862729
-9.862729
-10.759341
-11.912127
-11.912127
-10.631254
-10.759341
-12.552565
-12.552565
-13.193002
-12.936827
-13.577264
-12.168303
-12.936827
-13.321089
-13.577264
-11.527865
-12.040215
-12.552565
-13.064915
-13.193002
-12.424478
-12.552565
-14.089614
-13.833439
-12.296390
-13.961526
-14.345788
-13.577264
-13.705351
-15.114313
-13.705351
-14.217701
-12.808740
-16.139011
-13.833439
-13.577264
-16.010925
-13.961526
-12.168303
-13.064915
-13.961526
-14.730050
-14.217701
-14.345788
-14.345788
-14.473876
-13.321089
-13.705351
-13.449177
-13.321089
-13.833439
-13.833439
-13.064915
-13.449177
-13.193002
-12.808740
-13.193002
-12.424478
-11.912127
-11.143603
-11.015516
-12.552565
-11.912127
-11.399778
-6.916719
-6.532457
-9.862729
-8.197594
-6.148195
-13.961526
-4.867321
-8.069506
-3.842622
-5.507758
-4.226884
-4.995409
-7.044807
-2.689835
-6.020108
-1.793224
-2.433661
-1.921311
-3.330272
-2.817923
-0.640437
0.128087
0.768524
0.000000
0.000000
0.768524
0.896612
0.256175
-0.384262
4.995409
-4.226884
6.276282
2.433661
4.354971
3.202185
6.660544
7.044807
4.995409
7.813331
3.586447
8.069506
9.094205
3.458360
10.887428
6.148195
7.941419
8.838030
6.404370
7.941419
8.838030
10.246992
10.887428
10.375079
9.478467
10.887428
11.271690
10.631254
10.503166
11.015516
11.784040
12.040215
11.784040
12.808740
12.808740
13.961526
13.193002
14.089614
14.217701
13.833439
13.833439
15.626662
13.193002
14.345788
12.040215
15.370487
15.114313
13.449177
14.217701
15.498575
13.449177
16.523273
15.754749
13.577264
15.370487
15.114313
14.345788
13.321089
16.010925
14.858138
13.833439
16.010925
15.754749
14.858138
16.395187
14.345788
18.060324
14.986225
14.473876
14.986225
14.601963
14.601963
14.730050
14.473876
14.986225
14.730050
13.961526
14.089614
14.986225
13.833439
13.961526
13.833439
14.217701
13.833439
13.961526
13.705351
13.449177
13.321089
13.449177
12.936827
12.808740
12.296390
12.936827
12.808740
12.424478
12.168303
10.375079
9.990817
9.734642
11.015516
9.222293
9.094205
8.838030
8.453768
8.197594
8.453768
6.916719
6.020108
7.044807
5.251583
5.635845
5.635845
5.123496
3.842622
4.739233
3.714535
3.330272
2.049398
2.049398
2.305573
1.665136
1.024699
0.384262
0.640437
0.256175
-0.256175
-0.512350
-0.768524
-0.896612
-0.896612
-1.024699
-1.537049
-2.561748
-3.074097
-2.946010
-2.561748
-3.074097
-4.739233
-4.867321
-3.714535
-4.098797
-5.251583
-5.763933
-5.763933
-5.763933
-5.892020
-6.404370
-7.044807
-7.300982
-6.788632
-6.532457
-9.734642
-12.424478
-8.709943
-6.148195
-8.197594
-9.606555
-9.222293
-8.709943
-9.222293
-10.118904
-9.862729
-9.478467
-9.222293
-9.862729
-10.375079
-11.784040
-9.862729
-11.527865
-11.015516
-7.557157
-11.143603
-10.246992
-13.577264
-10.118904
-10.887428
-11.015516
-10.631254
-12.296390
-12.168303
-12.680653
-11.655953
-10.759341
-12.424478
-11.271690
-11.399778
-11.015516
-12.936827
-13.064915
-11.015516
-10.118904
-9.222293
-12.424478
-9.990817
-13.449177
-9.350380
-11.912127
-11.143603
-11.527865
-10.887428
-11.271690
-10.503166
-10.887428
-11.015516
-10.631254
-10.887428
-10.118904
-10.887428
-10.887428
-10.503166
-9.862729
-9.734642
-9.606555
-9.862729
-9.222293
-9.478467
-9.606555
-9.350380
-9.222293
-9.222293
-9.222293
-9.350380
-9.862729
-9.222293
-9.606555
-9.350380
-9.478467
-8.197594
-7.941419
-8.069506
-7.172894
-6.404370
-6.660544
-5.763933
-5.635845
-5.251583
-4.098797
-3.586447
-4.867321
-1.280874
-3.842622
-1.408961
-4.611146
-3.074097
-3.074097
-2.049398
-1.152787
-0.640437
0.128087
-1.537049
-1.280874
-0.896612
0.000000
0.256175
-0.128087
0.000000
1.537049
0.256175
1.024699
2.433661
1.793224
1.665136
2.433661
3.202185
3.586447
3.714535
2.177486
6.020108
0.768524
5.379671
6.020108
6.148195
4.867321
3.842622
4.995409
6.404370
6.660544
6.532457
7.044807
7.429069
7.172894
7.557157
7.557157
8.325681
9.094205
7.557157
9.222293
7.300982
8.838030
7.813331
8.709943
8.581856
9.606555
8.838030
9.478467
9.094205
9.094205
10.118904
9.222293
10.246992
10.246992
9.862729
9.734642
10.631254
10.631254
9.606555
11.015516
10.375079
10.375079
8.966118
8.453768
10.375079
11.271690
9.990817
10.375079
12.936827
9.734642
11.143603
10.246992
10.503166
11.784040
9.990817
10.887428
9.862729
10.503166
9.990817
9.734642
9.862729
10.246992
11.015516
10.246992
9.990817
9.862729
9.990817
9.478467
9.350380
9.734642
9.222293
9.478467
9.094205
8.581856
9.478467
8.966118
8.709943
9.222293
8.966118
8.453768
8.838030
8.453768
9.094205
8.453768
8.581856
8.838030
8.453768
8.197594
7.557157
7.685244
7.685244
8.325681
6.276282
6.532457
6.660544
6.276282
5.379671
5.507758
4.995409
3.714535
3.842622
3.842622
2.817923
2.305573
2.561748
2.433661
1.537049
1.665136
2.049398
0.896612
0.256175
0.768524
0.384262
-0.256175
-0.640437
-0.512350
-0.384262
-1.152787
-2.049398
-1.921311
-1.408961
-1.537049
-2.946010
-3.202185
-3.074097
-2.817923
-3.586447
-4.354971
-3.842622
-3.074097
-4.483059
-5.379671
-4.995409
-5.635845
-6.148195
-5.635845
-5.635845
-5.892020
-6.788632
-6.020108
-5.892020
-6.788632
-7.685244
-8.069506
-6.916719
-8.069506
-7.300982
-7.685244
-8.069506
-9.734642
-7.941419
-9.990817
-6.916719
-8.966118
-7.941419
-11.912127
-8.709943
-8.838030
-9.862729
-9.990817
-9.990817
-6.532457
-9.478467
-10.887428
-9.478467
-8.069506
-9.990817
-12.168303
-8.966118
-8.325681
-12.040215
-10.375079
-9.734642
-8.453768
-10.759341
-11.015516
-8.453768
-8.581856
-11.399778
-11.399778
-10.246992
-8.069506
-11.271690
-9.990817
-8.838030
-8.966118
-9.222293
-9.478467
-8.838030
-8.966118
-9.862729
-6.404370
-7.300982
-10.118904
-8.966118
-8.453768
-8.966118
-8.838030
-8.325681
-8.197594
-8.581856
-8.325681
-7.941419
-7.685244
-7.557157
-8.069506
-8.069506
-8.325681
-7.429069
-7.685244
-7.813331
-7.429069
-7.557157
-7.300982
-7.172894
-6.788632
-6.916719
-6.660544
-5.635845
-6.020108
-4.483059
-5.123496
-4.483059
-4.098797
-3.842622
-3.074097
-3.586447
-2.177486
-3.074097
-1.152787
-2.689835
-1.665136
-1.152787
-0.768524
-0.768524
-0.512350
0.000000
0.128087
0.128087
0.256175
0.896612
0.512350
1.280874
1.024699
2.049398
1.793224
2.817923
2.177486
2.561748
3.458360
2.305573
1.921311
3.330272
3.458360
3.586447
4.611146
3.970709
4.226884
4.995409
4.867321
4.867321
5.251583
5.123496
5.763933
6.276282
6.916719
6.660544
5.635845
6.020108
7.044807
4.995409
5.892020
6.916719
6.276282
7.300982
6.916719
7.044807
7.557157
7.685244
7.557157
8.069506
7.300982
7.813331
6.020108
6.148195
7.813331
10.246992
7.941419
8.581856
8.069506
8.069506
8.197594
8.453768
8.197594
8.453768
9.094205
9.990817
8.197594
8.709943
8.069506
7.941419
8.581856
8.197594
8.838030
8.838030
8.197594
8.453768
7.813331
9.222293
8.966118
5.892020
7.813331
9.478467
7.429069
8.966118
9.094205
7.044807
7.941419
7.172894
8.325681
6.916719
7.429069
7.941419
6.916719
7.685244
6.788632
7.172894
6.916719
7.172894
6.660544
6.916719
6.148195
6.532457
5.763933
6.276282
5.763933
6.276282
6.020108
5.892020
6.148195
5.635845
6.020108
5.507758
6.660544
5.507758
5.635845
5.251583
4.867321
6.276282
5.251583
3.842622
4.354971
4.354971
