0.003193
0.002128
0.005321
0.002128
0.007450
0.003193
0.002128
0.005321
0.002128
0.003193
0.006385
0.002128
0.084074
0.047890
0.034055
0.036184
-0.031927
-0.062789
-0.047890
0.267121
0.046826
-0.012771
0.100037
-0.022349
0.030863
0.084074
0.094716
0.031927
0.040441
0.026606
-0.032991
0.030863
0.006385
0.014899
-0.005321
0.007450
0.014899
0.014899
0.008514
0.013835
0.015963
0.010642
0.010642
0.014899
0.013835
0.010642
0.012771
0.012771
0.010642
0.007450
0.010642
0.006385
0.010642
0.006385
0.006385
0.006385
0.011706
0.010642
0.009578
0.006385
0.009578
0.007450
0.007450
0.007450
0.002128
0.006385
0.005321
0.004257
0.004257
0.002128
0.003193
0.005321
-0.271377
-0.022349
0.019156
-0.039376
-0.065982
0.068110
0.067046
0.041505
0.004257
0.014899
-0.002128
0.008514
0.005321
0.010642
0.012771
0.012771
0.009578
0.012771
0.017028
0.013835
0.020220
0.015963
0.015963
0.014899
0.011706
0.013835
0.014899
0.017028
0.008514
0.010642
0.017028
0.013835
0.012771
0.010642
0.010642
0.011706
0.011706
0.010642
0.008514
0.011706
0.011706
0.010642
0.005321
0.005321
0.006385
0.009578
0.011706
0.007450
0.008514
0.008514
0.001064
0.009578
0.009578
0.009578
0.009578
0.006385
0.006385
0.008514
0.007450
0.004257
0.008514
0.010642
0.011706
0.005321
0.001064
0.005321
-0.002128
-0.022349
0.006385
0.019156
0.001064
0.008514
0.012771
0.005321
0.006385
0.011706
0.008514
0.007450
0.008514
0.010642
0.008514
0.009578
0.014899
0.011706
0.015963
0.010642
0.012771
0.009578
0.012771
0.007450
0.011706
0.009578
0.005321
0.009578
0.007450
0.011706
0.010642
0.012771
0.012771
0.008514
0.010642
0.007450
0.007450
0.006385
0.006385
0.004257
0.008514
0.008514
0.003193
0.009578
0.005321
0.007450
0.011706
0.008514
0.009578
0.007450
0.002128
0.009578
0.009578
0.011706
0.006385
0.008514
0.007450
0.011706
0.007450
0.007450
0.006385
0.008514
0.007450
0.007450
0.004257
0.005321
0.008514
0.005321
0.003193
0.009578
0.010642
0.009578
0.006385
0.007450
0.004257
0.006385
0.009578
0.006385
0.008514
0.010642
0.004257
0.006385
0.010642
0.005321
0.008514
0.002128
0.009578
0.006385
0.006385
0.007450
0.001064
0.010642
0.006385
0.004257
0.002128
0.005321
0.004257
0.005321
0.004257
0.010642
0.009578
0.008514
0.009578
0.009578
0.014899
0.011706
0.009578
0.008514
0.007450
0.005321
0.008514
0.007450
0.010642
0.005321
0.011706
0.008514
0.007450
0.007450
0.006385
0.010642
0.009578
0.008514
0.004257
0.010642
0.009578
0.004257
0.007450
0.006385
0.006385
0.009578
0.010642
0.008514
0.003193
0.011706
0.005321
0.008514
0.007450
0.005321
0.009578
0.009578
0.008514
0.008514
0.005321
0.009578
0.009578
0.014899
0.012771
0.004257
0.004257
0.011706
0.004257
0.007450
0.010642
0.007450
0.007450
0.005321
0.006385
0.007450
0.007450
0.008514
0.002128
0.005321
0.010642
0.009578
0.007450
0.006385
0.008514
0.006385
0.011706
0.004257
0.011706
0.011706
0.008514
0.010642
0.011706
0.006385
0.010642
0.006385
0.009578
0.005321
0.008514
0.008514
0.007450
0.010642
0.011706
0.010642
0.010642
0.008514
0.010642
0.009578
0.009578
0.010642
0.007450
0.007450
0.006385
0.010642
0.009578
0.007450
0.009578
0.010642
0.009578
0.011706
0.009578
0.012771
0.008514
0.011706
0.005321
0.006385
0.009578
0.005321
0.008514
0.007450
0.008514
0.007450
0.009578
0.010642
0.011706
0.012771
0.007450
0.008514
0.011706
0.006385
0.007450
0.008514
0.014899
0.011706
0.010642
0.010642
0.013835
0.013835
0.011706
0.005321
0.010642
0.009578
0.006385
0.008514
0.011706
0.008514
0.008514
0.008514
0.005321
0.010642
0.005321
0.009578
0.012771
0.006385
0.009578
0.010642
0.009578
0.010642
0.004257
0.010642
0.007450
0.007450
0.006385
0.004257
0.011706
0.007450
0.007450
0.004257
0.009578
0.003193
0.009578
0.007450
0.011706
0.006385
0.011706
0.010642
0.007450
0.008514
0.010642
0.009578
0.011706
0.010642
0.009578
0.010642
0.008514
0.010642
0.009578
0.008514
0.013835
0.012771
0.013835
0.010642
0.007450
0.011706
0.010642
0.004257
0.009578
0.008514
0.007450
0.014899
0.011706
0.010642
0.009578
0.011706
0.011706
0.006385
0.010642
0.009578
0.008514
0.008514
0.006385
0.012771
0.009578
0.009578
0.008514
0.010642
0.007450
0.012771
0.010642
0.010642
0.009578
0.011706
0.009578
0.008514
0.009578
0.009578
0.007450
0.006385
0.007450
0.010642
0.011706
0.014899
0.009578
0.010642
0.013835
0.011706
0.009578
0.017028
0.008514
0.012771
0.009578
0.011706
0.009578
0.015963
0.015963
0.010642
0.013835
0.010642
0.015963
0.011706
0.014899
0.014899
0.011706
0.014899
0.012771
0.011706
0.012771
0.019156
0.012771
0.018092
0.014899
0.020220
0.013835
0.017028
0.020220
0.022349
0.025541
0.026606
0.022349
0.029798
0.032991
0.035119
0.035119
0.036184
0.040441
0.040441
0.039376
0.043633
0.045762
0.048954
0.052147
0.057468
0.065982
0.069175
0.075560
0.085138
0.076624
0.074496
0.075560
0.077688
0.088331
0.100037
0.109615
0.125579
0.135157
0.156441
0.171340
0.187304
0.208588
0.236258
0.257542
0.284148
0.290533
0.264992
0.253286
0.246900
0.240515
0.245836
0.259671
0.267121
0.278827
0.222423
0.273506
0.267121
0.256478
0.253286
0.243708
0.226680
0.222423
0.220295
0.208588
0.191561
0.175597
0.170276
0.154313
0.142606
0.119193
0.137285
0.118129
0.110679
0.100037
0.086202
0.084074
0.074496
0.051083
0.045762
0.065982
0.023413
-0.030863
-0.040441
0.003193
-0.002128
-0.039376
-0.009578
-0.032991
-0.006385
0.023413
0.008514
-0.112808
-0.129835
-0.053211
0.012771
0.046826
0.062789
-0.010642
-0.048954
-0.050019
-0.035119
-0.008514
-0.080881
0.002128
0.017028
0.018092
-0.114936
-0.093652
-0.072367
-0.059597
-0.036184
-0.017028
-0.011706
-0.036184
-0.028734
-0.044697
-0.064918
-0.093652
-0.095780
-0.050019
-0.014899
-0.035119
-0.038312
-0.032991
0.015963
0.036184
0.255414
-0.133028
-0.002128
0.063854
0.219230
0.037248
0.043633
0.061725
0.081945
0.090459
0.170276
0.053211
0.063854
0.068110
0.014899
0.083010
0.027670
-0.007450
-0.044697
-0.103230
-0.124514
-0.121322
-0.101101
-0.106423
-0.101101
-0.100037
-0.022349
0.009578
0.075560
-0.000000
-0.093652
0.002128
0.015963
0.010642
0.003193
0.255414
0.054275
0.125579
-0.206460
-0.242643
-0.008514
-0.109615
-0.078753
-0.051083
-0.047890
-0.048954
-0.067046
-0.075560
-0.111744
-0.065982
-0.059597
-0.037248
-0.058532
0.006385
0.040441
-0.027670
-0.092588
-0.052147
-0.263928
0.029798
-0.024477
-0.045762
-0.021285
-0.070239
-0.050019
0.003193
0.061725
-0.039376
-0.067046
-0.125579
-0.098973
0.036184
-0.047890
-0.088331
-0.096844
0.269249
0.129835
0.109615
0.121322
0.155377
0.234130
0.258607
-0.244772
0.030863
-0.018092
0.007450
0.172404
0.268185
0.010642
0.059597
-0.160698
0.155377
-0.059597
-0.124514
-0.065982
-0.061725
0.013835
0.051083
0.127707
-0.071303
-0.023413
-0.068110
-0.116001
-0.205395
-0.083010
-0.116001
-0.139413
-0.239451
-0.125579
-0.112808
-0.186239
-0.105358
0.043633
0.045762
0.072367
0.181983
0.187304
0.079817
0.075560
0.063854
0.046826
-0.074496
-0.155377
0.072367
0.124514
-0.001064
-0.019156
-0.028734
0.209652
0.181983
0.072367
0.105358
0.052147
0.071303
0.057468
0.078753
0.069175
0.060661
0.035119
0.025541
0.051083
0.014899
0.023413
0.040441
0.072367
0.144735
0.080881
-0.254350
0.078753
0.012771
0.008514
0.022349
-0.013835
0.022349
0.017028
0.032991
-0.081945
-0.124514
-0.134092
-0.133028
-0.112808
-0.096844
-0.091523
-0.116001
-0.135157
-0.138349
-0.135157
-0.123450
-0.136221
-0.167083
-0.109615
-0.105358
-0.117065
-0.168148
-0.104294
-0.075560
-0.133028
-0.038312
-0.056404
-0.051083
-0.056404
-0.023413
-0.002128
-0.003193
-0.078753
-0.136221
-0.090459
-0.073432
-0.103230
-0.091523
-0.101101
-0.108551
-0.111744
-0.091523
-0.058532
-0.020220
0.032991
0.061725
0.094716
0.130900
0.160698
0.177726
0.186239
0.170276
0.156441
0.147927
0.121322
0.122386
0.161762
0.078753
0.058532
0.046826
0.027670
-0.010642
-0.032991
-0.023413
-0.028734
-0.039376
-0.024477
-0.015963
-0.006385
0.009578
-0.025541
-0.013835
-0.018092
-0.062789
-0.071303
-0.044697
-0.059597
-0.047890
-0.158570
0.029798
-0.045762
-0.014899
0.024477
0.039376
0.025541
0.026606
0.038312
0.029798
0.020220
0.003193
0.011706
-0.017028
-0.018092
-0.032991
-0.032991
-0.047890
-0.043633
-0.039376
-0.021285
-0.000000
0.010642
0.009578
0.003193
-0.001064
0.004257
-0.023413
-0.025541
-0.021285
-0.029798
-0.032991
-0.028734
-0.021285
-0.023413
-0.012771
-0.008514
-0.019156
-0.010642
-0.006385
-0.002128
-0.002128
-0.000000
-0.004257
-0.004257
-0.014899
-0.015963
-0.018092
-0.020220
-0.020220
-0.015963
-0.020220
-0.022349
-0.022349
-0.017028
-0.010642
-0.012771
-0.015963
-0.012771
-0.006385
-0.010642
-0.010642
-0.009578
-0.012771
-0.017028
-0.006385
-0.010642
-0.014899
-0.017028
-0.010642
-0.020220
-0.019156
-0.017028
-0.014899
-0.018092
-0.021285
-0.014899
-0.017028
-0.017028
-0.020220
-0.021285
-0.019156
-0.014899
-0.020220
-0.017028
-0.014899
-0.020220
-0.023413
-0.017028
-0.025541
-0.015963
-0.024477
-0.024477
-0.022349
-0.020220
-0.022349
-0.026606
-0.027670
-0.026606
-0.026606
-0.026606
-0.027670
-0.029798
-0.020220
-0.027670
-0.030863
-0.025541
-0.027670
-0.026606
-0.025541
-0.024477
-0.026606
-0.027670
-0.031927
-0.026606
-0.028734
-0.030863
-0.027670
-0.028734
-0.029798
-0.023413
-0.028734
-0.037248
-0.040441
-0.041505
-0.043633
-0.045762
-0.050019
-0.054275
-0.058532
-0.063854
-0.071303
-0.081945
-0.081945
-0.088331
-0.087266
-0.094716
0.005321
0.046826
-0.023413
-0.005321
0.001064
0.015963
0.007450
0.003193
0.012771
0.006385
0.006385
0.011706
0.008514
0.006385
0.010642
0.007450
0.006385
0.005321
0.009578
0.006385
