0.000924
0.003336
0.006448
0.008438
0.010616
0.012808
0.014830
0.016669
0.018455
0.020060
0.021642
0.022926
0.024224
0.025284
0.026306
0.027140
0.027827
0.028361
0.028909
0.029306
0.029683
0.030047
0.030197
0.030184
0.030125
0.029902
0.029498
0.029088
0.028767
0.028778
0.028931
0.029117
0.029232
0.029339
0.029523
0.029862
0.030350
0.030946
0.031582
0.032282
0.032993
0.033780
0.034620
0.035529
0.036436
0.037399
0.038388
0.039392
0.040375
0.041225
0.042189
0.043140
0.044084
0.044955
0.045827
0.046479
0.047234
0.047874
0.048459
0.049092
0.049738
0.050385
0.051000
0.051488
0.051812
0.051921
0.051858
0.051893
0.052115
0.052328
0.052533
0.052880
0.053078
0.053145
0.053267
0.053359
0.053178
0.052894
0.052382
0.052371
0.052548
0.052548
0.052181
0.051944
0.051775
0.051341
0.051060
0.050471
0.050129
0.050080
0.049303
0.048843
0.049224
0.049019
0.049002
0.049520
0.049793
0.049787
0.050164
0.050515
0.051209
0.051860
0.052276
0.052488
0.052668
0.052672
0.052222
0.051946
0.051568
0.050875
0.049867
0.048981
0.048067
0.046968
0.045898
0.044943
0.043920
0.042984
0.042128
0.041303
0.040648
0.040078
0.039616
0.039688
0.039767
0.039729
0.039739
0.039712
0.040174
0.039012
0.038526
0.038511
0.039018
0.038939
0.038900
0.038884
0.038260
0.037364
0.037023
0.036520
0.035991
0.035334
0.034535
0.033786
0.033094
0.032266
0.031367
0.030330
0.029319
0.028430
0.027476
0.026434
0.025342
0.024263
0.023182
0.022161
0.021230
0.020472
0.019826
0.019236
0.019145
0.019608
0.020589
0.021782
0.023034
0.024442
0.026139
0.027793
0.029151
0.030387
0.031731
0.032679
0.033483
0.033785
0.033399
0.032811
0.032180
0.031513
0.030716
0.030042
0.029175
0.028289
0.027566
0.026840
0.026205
0.025903
0.025435
0.024765
0.024171
0.023817
0.023278
0.022933
0.022521
0.021974
0.021433
0.020980
0.020510
0.020017
0.019583
0.019184
0.018860
0.018587
0.018464
0.018275
0.018081
0.018042
0.018058
0.018067
0.018055
0.018107
0.018086
0.018150
0.017774
0.018012
0.017921
0.017818
0.017526
0.016997
0.016595
0.016123
0.015682
0.015445
0.015060
0.014055
0.012843
0.011569
0.010463
0.009559
0.008901
0.008301
0.007698
0.007247
0.006882
0.006607
0.006425
0.006303
0.006138
0.005926
0.005659
0.005331
0.004876
0.004177
0.003320
0.002389
0.001302
0.000096
-0.000864
-0.001985
-0.002817
-0.003106
-0.003215
-0.002967
-0.002374
-0.001446
-0.000262
0.001070
0.002580
0.004207
0.005892
0.007657
0.009323
0.010620
0.011918
0.012989
0.013935
0.014920
0.015706
0.016265
0.016767
0.017176
0.017488
0.017718
0.018151
0.017918
0.017782
0.017606
0.017477
0.017426
0.017364
0.017197
0.017066
0.016922
0.016826
0.016726
0.016646
0.016443
0.016259
0.015972
0.015690
0.015300
0.014966
0.014553
0.014164
0.013651
0.013204
0.012752
0.012323
0.011990
0.011640
0.011408
0.011221
0.011049
0.010831
0.010527
0.010238
0.010030
0.009925
0.009842
0.009745
0.009602
0.009389
0.009105
0.008822
0.008444
0.008078
0.007713
0.007385
0.007095
0.006786
0.006417
0.006115
0.005759
0.005445
0.005102
0.004860
0.004530
0.004259
0.004016
0.003854
0.003626
0.003449
0.003223
0.003009
0.002789
0.002537
0.002318
0.002111
0.001938
0.001756
0.001525
0.001268
0.001068
0.000939
0.000780
0.000630
0.000517
0.000382
0.000251
0.000103
-0.000063
-0.000233
-0.000404
-0.000560
-0.000758
-0.000938
-0.001115
-0.001308
-0.001521
-0.001727
-0.001903
-0.002146
-0.002363
-0.002584
-0.002827
-0.003068
-0.003354
-0.003612
-0.003915
-0.004236
-0.004573
-0.004913
-0.005291
-0.005657
-0.006060
-0.006486
-0.006937
-0.007406
-0.007909
-0.008443
-0.009022
-0.009665
-0.010378
-0.011178
-0.012084
-0.013108
-0.014205
-0.015263
-0.016331
-0.017423
-0.018566
-0.019843
-0.021240
-0.022798
-0.024548
-0.026567
-0.028844
-0.031427
-0.034388
-0.037751
-0.041498
-0.045196
-0.048671
-0.051845
-0.054744
-0.057440
-0.060052
-0.062599
-0.065124
-0.067569
-0.070193
-0.072181
-0.073919
-0.075663
-0.077750
-0.080548
-0.082234
-0.083301
-0.083922
-0.084893
-0.085870
-0.086196
-0.086473
-0.086315
-0.087043
-0.087699
-0.087681
-0.087607
-0.087112
-0.086439
-0.085505
-0.084095
-0.083327
-0.082020
-0.080947
-0.080644
-0.080511
-0.080459
-0.081979
-0.082760
-0.087310
-0.087492
-0.087797
-0.087701
-0.086164
-0.085944
-0.085696
-0.085404
-0.085567
-0.084673
-0.085051
-0.087366
-0.085577
-0.084959
-0.084124
-0.083447
-0.082258
-0.081324
-0.079600
-0.078846
-0.078031
-0.077244
-0.076753
-0.073083
-0.070929
-0.070551
-0.070734
-0.070891
-0.070142
-0.069658
-0.069351
-0.069050
-0.068943
-0.068473
-0.068498
-0.069263
-0.068636
-0.067093
-0.065350
-0.063508
-0.060747
-0.058837
-0.057388
-0.057040
-0.057125
-0.057386
-0.058305
-0.058665
-0.057936
-0.053741
-0.054082
-0.053927
-0.053612
-0.052727
-0.051548
-0.050175
-0.049136
-0.047681
-0.046370
-0.045472
-0.045227
-0.045042
-0.044974
-0.044468
-0.042780
-0.041128
-0.039313
-0.037766
-0.036591
-0.036118
-0.036153
-0.035455
-0.035092
-0.034792
-0.034151
-0.034083
-0.033874
-0.033864
-0.033120
-0.033492
-0.035052
-0.035593
-0.036135
-0.035986
-0.035711
-0.035267
-0.035054
-0.034838
-0.033438
-0.032154
-0.031241
-0.030769
-0.031735
-0.031205
-0.031678
-0.031875
-0.032665
-0.031460
-0.029624
-0.028868
-0.028375
-0.028680
-0.028834
-0.028467
-0.028194
-0.026984
-0.025901
-0.024654
-0.023703
-0.023010
-0.022613
-0.022561
-0.022705
-0.022453
-0.021969
-0.021114
-0.019632
-0.018276
-0.016558
-0.015178
-0.014353
-0.014417
-0.015180
-0.016675
-0.017482
-0.013583
-0.006380
0.000995
0.009412
0.014792
0.016069
0.015973
0.014361
0.012400
0.010018
0.007602
0.005387
0.003015
0.000676
-0.000859
-0.002489
-0.004307
-0.005743
-0.006770
-0.007344
-0.007972
-0.008827
-0.009862
-0.011763
-0.011473
-0.011125
-0.010252
-0.009051
-0.007452
-0.006302
-0.005650
-0.005929
-0.006566
-0.007083
-0.007679
-0.008209
-0.008420
-0.009646
-0.010090
-0.010694
-0.010267
-0.009772
-0.009282
-0.008686
-0.007215
-0.005700
-0.004387
-0.003176
-0.002343
-0.001131
-0.000665
-0.000774
-0.000993
-0.001272
-0.000981
-0.000581
0.000310
0.001383
0.002502
0.003760
0.004613
0.005749
0.006532
0.006551
0.006973
0.007255
0.007384
0.007424
0.008185
0.019580
0.025409
0.029292
0.029669
0.031519
0.034330
0.036862
0.039039
0.040872
0.042623
0.044565
0.046524
0.048344
0.050030
0.051690
0.053315
0.054827
0.056118
0.057347
0.058525
0.059712
0.060884
0.061891
0.062850
0.063885
0.065072
0.066111
0.066898
0.067597
0.068008
0.068547
0.068820
0.069099
0.069456
0.070087
0.070609
0.070829
0.070975
0.071494
0.072256
0.073171
0.074296
0.075420
0.076263
0.076525
0.076486
0.076266
0.075739
0.075333
0.074653
0.073861
0.072775
0.071598
0.070665
0.069668
0.068625
0.067657
0.066947
0.066676
0.066615
0.066585
0.066467
0.066629
0.066412
0.066425
0.066275
0.066133
0.065930
0.065504
0.065024
0.064335
0.063710
0.062941
0.061883
0.060757
0.059470
0.058218
0.056933
0.055616
0.054409
0.053216
0.052035
0.051050
0.050262
0.049361
0.048850
0.048935
0.049616
0.050646
0.051585
0.052761
0.053514
0.053840
0.053823
0.053706
0.052734
0.051643
0.050781
0.050020
0.049354
0.049182
0.048978
0.048540
0.047729
0.047370
0.046395
0.045745
0.045137
0.044395
0.043909
0.043605
0.043264
0.043215
0.043185
0.043019
0.042528
0.042052
0.041513
0.040582
0.039627
0.038668
0.037781
0.036773
0.036102
0.035770
0.035387
0.034973
0.034526
0.034135
0.033224
0.032150
0.030991
0.030004
0.029345
0.029343
0.029859
0.031046
0.032607
0.034508
0.036336
0.038120
0.039911
0.041467
0.042719
0.043741
0.044452
0.045057
0.045381
0.045361
0.045311
0.045255
0.044854
0.044285
0.043375
0.042681
0.042259
0.041799
0.041308
0.040827
0.041067
0.041265
0.041620
0.042085
0.042911
0.043354
0.043442
0.043364
0.043531
0.043770
0.042990
0.043088
0.042852
0.042540
0.041937
0.041044
0.040207
0.039259
0.038369
0.037372
0.036644
0.035762
0.034740
0.033839
0.033045
0.032053
0.031124
0.030461
0.029607
0.028785
0.027978
0.027699
0.027964
0.027861
0.027974
0.028579
0.027874
0.027205
0.026418
0.026122
0.025713
0.025486
0.025070
0.024519
0.023874
0.023031
0.022129
0.021206
0.020558
0.019552
0.018285
0.017149
0.016394
0.015968
0.015710
0.015558
0.015691
0.015171
0.015253
0.015318
0.016157
0.015586
0.015856
0.016172
0.016738
0.017158
0.016723
0.017144
0.017395
0.018189
0.019538
0.020568
0.021603
0.022785
0.023481
0.023825
0.023757
0.023499
0.023088
0.022579
0.022161
0.021712
0.020872
0.021227
0.021651
0.021919
0.022221
0.021496
0.021412
0.021735
0.021747
0.022037
0.022287
0.022334
0.022381
0.022369
0.022003
0.021466
0.020986
0.020616
0.020018
0.019168
0.018321
0.017423
0.016491
0.015450
0.014369
0.013379
0.012499
0.011834
0.011103
0.010904
0.011352
0.012391
0.013487
0.014951
0.016646
0.018553
0.020428
0.022318
0.023669
0.024686
0.025233
0.025585
0.025622
0.025463
0.024903
0.024299
0.023511
0.023002
0.022480
0.021805
0.021097
0.020408
0.019874
0.019484
0.019033
0.018505
0.017978
0.017243
0.016707
0.016209
0.015750
0.015175
0.014479
0.013866
0.013380
0.012924
0.012683
0.012591
0.012472
0.012453
0.012341
0.012313
0.012297
0.012382
0.012584
0.012510
0.012339
0.011924
0.011728
0.011259
0.011053
0.010682
0.010504
0.010347
0.010276
0.010213
0.010128
0.010447
0.010110
0.009643
0.009112
0.008585
0.007936
0.007295
0.006622
0.005770
0.004951
0.004894
0.004720
0.004639
0.004401
0.003826
0.003520
0.002856
0.002675
0.002242
0.001382
0.001062
0.000722
0.000831
0.000914
0.001039
0.000862
0.000430
-0.000053
-0.000751
-0.001580
-0.002471
-0.003337
-0.004489
-0.005595
-0.006680
-0.007791
-0.008985
-0.010159
-0.011269
