-1.196336
-1.196336
-1.196336
-1.196336
-1.196336
-1.196336
-1.196336
-1.196336
-1.196336
-1.196336
-1.196336
-1.196336
-1.196080
-1.196849
-1.196849
-1.197233
-1.196720
-1.196592
-1.196464
-1.196720
-1.195824
-1.196208
-1.196977
-1.195952
-1.196720
-1.197105
-1.197233
-1.197105
-1.196977
-1.197489
-1.196208
-1.196977
-1.197233
-1.197105
-1.197105
-1.197105
-1.197105
-1.197105
-1.197105
-1.197105
-1.197105
-1.197105
-1.197105
-1.197105
-1.197105
-1.197105
-1.197105
-1.197105
-1.197105
-1.197105
-1.197105
-1.197105
-1.197105
-1.197105
-1.197105
-1.197105
-1.197105
-1.197105
-1.197105
-1.197105
-1.197105
-1.197105
-1.197105
-1.197105
-1.197105
-1.197105
-1.197105
-1.197105
-1.197105
-1.197105
-1.197105
-1.197105
-1.197105
-1.197873
-1.198001
-1.197873
-1.197873
-1.197745
-1.198130
-1.198130
-1.197873
-1.198258
-1.198258
-1.198258
-1.198258
-1.198130
-1.198130
-1.198130
-1.198130
-1.198130
-1.198130
-1.198130
-1.198130
-1.198130
-1.198130
-1.198130
-1.198130
-1.198130
-1.198130
-1.198130
-1.198130
-1.198130
-1.198130
-1.198130
-1.198130
-1.198130
-1.198130
-1.198130
-1.198130
-1.198130
-1.198130
-1.198130
-1.198130
-1.198130
-1.198130
-1.198130
-1.198130
-1.198130
-1.198130
-1.198130
-1.198130
-1.198130
-1.198130
-1.198130
-1.198130
-1.198130
-1.198130
-1.198130
-1.198130
-1.198130
-1.198130
-1.198130
-1.198130
-1.198130
-1.198130
-1.198130
-1.198130
-1.198130
-1.197361
-1.198642
-1.198770
-1.198642
-1.198514
-1.198514
-1.198514
-1.198514
-1.198514
-1.198514
-1.198514
-1.198514
-1.198514
-1.198514
-1.198514
-1.198514
-1.198514
-1.198514
-1.198514
-1.198514
-1.198514
-1.198514
-1.198514
-1.198514
-1.198514
-1.198514
-1.198514
-1.198514
-1.198514
-1.198514
-1.198514
-1.198514
-1.198514
-1.198514
-1.198514
-1.198514
-1.198514
-1.198514
-1.198514
-1.198514
-1.198514
-1.198514
-1.198514
-1.198514
-1.198514
-1.198514
-1.198514
-1.198514
-1.198514
-1.198514
-1.198514
-1.198514
-1.198514
-1.198514
-1.198514
-1.198514
-1.198514
-1.198514
-1.198514
-1.198514
-1.198514
-1.198514
-1.198514
-1.198514
-1.198514
-1.198514
-1.198514
-1.198514
-1.198514
-1.198514
-1.198514
-1.198514
-1.198514
-1.198514
-1.198514
-1.198514
-1.198514
-1.198514
-1.198514
-1.198514
-1.198514
-1.198514
-1.198514
-1.198514
-1.198514
-1.198514
-1.198514
-1.198514
-1.198514
-1.198514
-1.198514
-1.198514
-1.198514
-1.198514
-1.198514
-1.198514
-1.198514
-1.198514
-1.198514
-1.198514
-1.198514
-1.198514
-1.198514
-1.198514
-1.198514
-1.198386
-1.198386
-1.198386
-1.198386
-1.198386
-1.198386
-1.198386
-1.198386
-1.198386
-1.198386
-1.198386
-1.198386
-1.198386
-1.198386
-1.198386
-1.198386
-1.198386
-1.198386
-1.198386
-1.198386
-1.198386
-1.198386
-1.198386
-1.198386
-1.198386
-1.198386
-1.198386
-1.198386
-1.198386
-1.198386
-1.198386
-1.198386
-1.198386
-1.198386
-1.198386
-1.198386
-1.198386
-1.198386
-1.198386
-1.198386
-1.198386
-1.198386
-1.198386
-1.198386
-1.198386
-1.198386
-1.198386
-1.198386
-1.198386
-1.198386
-1.198386
-1.198386
-1.198386
-1.198386
-1.198386
-1.198386
-1.198386
-1.198386
-1.198386
-1.198386
-1.198386
-1.198386
-1.198386
-1.198386
-1.198386
-1.198386
-1.198386
-1.198386
-1.198386
-1.198386
-1.198386
-1.198386
-1.198386
-1.198386
-1.198386
-1.198386
-1.198386
-1.198386
-1.198386
-1.198386
-1.198386
-1.198386
-1.198386
-1.198386
-1.198386
-1.198386
-1.198386
-1.198386
-1.198386
-1.198386
-1.198386
-1.198386
-1.198386
-1.198386
-1.198386
-1.198386
-1.198386
-1.198386
-1.198386
-1.198386
-1.198386
-1.198386
-1.198386
-1.198386
-1.198386
-1.198386
-1.198386
-1.198386
-1.198386
-1.198386
-1.198386
-1.198386
-1.198386
-1.198386
-1.198386
-1.198386
-1.198386
-1.198386
-1.198386
-1.198386
-1.198386
-1.198386
-1.198386
-1.198386
-1.198386
-1.198386
-1.198386
-1.198386
-1.198386
-1.198386
-1.198386
-1.198386
-1.198386
-1.198386
-1.198386
-1.198386
-1.198386
-1.198386
-1.198386
-1.198386
-1.198386
-1.198386
-1.198386
-1.198386
-1.198386
-1.198386
-1.198386
-1.198386
-1.198386
-1.198386
-1.198130
-1.198130
-1.198130
-1.198130
-1.198130
-1.198130
-1.198130
-1.198130
-1.198130
-1.198130
-1.198130
-1.198130
-1.198130
-1.198130
-1.198130
-1.198130
-1.198130
-1.198130
-1.198130
-1.198130
-1.198130
-1.198130
-1.198130
-1.198130
-1.198130
-1.198130
-1.198130
-1.198130
-1.198130
-1.198130
-1.198130
-1.198130
-1.198130
-1.198130
-1.198130
-1.198130
-1.198130
-1.198130
-1.198130
-1.198130
-1.198130
-1.198130
-1.198130
-1.198130
-1.198130
-1.198001
-1.198001
-1.198001
-1.198001
-1.198001
-1.198001
-1.198001
-1.198001
-1.198001
-1.198001
-1.198001
-1.198001
-1.198001
-1.198001
-1.198001
-1.198001
-1.198001
-1.198001
-1.198001
-1.198001
-1.198001
-1.198001
-1.198001
-1.198001
-1.198001
-1.198001
-1.198001
-1.198001
-1.198001
-1.198001
-1.198001
-1.198001
-1.198001
-1.198001
-1.198001
-1.198001
-1.198001
-1.198001
-1.198001
-1.198001
-1.198001
-1.198001
-1.198001
-1.198001
-1.198001
-1.198001
-1.198001
-1.198001
-1.198001
-1.198001
-1.198001
-1.198001
-1.198001
-1.198001
-1.198001
-1.198001
-1.198001
-1.198001
-1.198001
-1.198001
-1.198001
-1.198001
-1.198001
-1.198001
-1.198001
-1.198001
-1.198001
-1.198130
-1.198258
-1.198386
-1.198514
-1.198642
-1.198770
-1.199026
-1.199282
-1.199667
-1.200051
-1.200563
-1.201204
-1.201588
-1.201844
-1.202100
-1.202484
-1.202997
-1.203893
-1.204918
-1.206071
-1.207736
-1.209529
-1.211835
-1.214397
-1.217343
-1.220545
-1.224131
-1.227333
-1.229895
-1.231560
-1.232201
-1.232329
-1.231945
-1.231560
-1.231048
-1.230407
-1.228999
-1.227333
-1.225924
-1.224003
-1.221954
-1.219392
-1.216574
-1.213372
-1.209657
-1.205687
-1.201076
-1.196336
-1.191085
-1.185321
-1.179301
-1.172896
-1.165980
-1.158679
-1.151378
-1.143436
-1.135239
-1.126529
-1.117434
-1.107572
-1.096940
-1.085669
-1.074525
-1.061844
-1.048267
-1.034690
-1.021369
-1.007792
-0.994086
-0.981406
-0.965651
-0.950280
-0.933629
-0.915313
-0.895331
-0.876758
-0.859595
-0.843071
-0.826804
-0.809768
-0.790940
-0.771727
-0.752642
-0.734325
-0.716009
-0.696411
-0.675149
-0.652477
-0.627500
-0.603164
-0.578315
-0.553594
-0.531691
-0.509660
-0.488269
-0.465213
-0.440877
-0.415516
-0.389642
-0.363128
-0.336614
-0.310740
-0.283329
-0.255791
-0.227996
-0.200457
-0.173687
-0.144098
-0.119634
-0.085178
-0.056615
-0.028948
-0.000384
0.025489
0.051107
0.075828
0.101701
0.128856
0.153577
0.179322
0.201481
0.224409
0.248746
0.273467
0.298187
0.323421
0.350319
0.379267
0.409239
0.440108
0.470209
0.501462
0.531947
0.563456
0.593557
0.626347
0.655039
0.686933
0.718955
0.748799
0.778771
0.808231
0.838716
0.869713
0.901735
0.933629
0.967316
0.999722
1.033281
1.065687
1.097965
1.129731
1.161112
1.193134
1.227077
1.259996
1.293427
1.326473
1.360544
1.393463
1.427150
1.460965
1.493883
1.527570
1.562154
1.595585
1.628119
1.660781
1.693956
1.726746
1.757871
1.792967
1.827807
1.860469
1.890954
1.927203
1.962043
1.995474
2.029929
2.064513
2.100121
2.133168
2.167495
2.200541
2.232563
2.263689
2.292508
2.321200
2.350660
2.380760
2.405097
2.436991
2.465682
2.494374
2.521528
2.551501
2.580833
2.610549
2.635654
2.666011
2.691372
2.717886
2.747603
2.773861
2.805114
2.832781
2.859551
2.891061
2.918984
2.949340
2.978801
3.012103
3.040923
3.072304
3.105223
3.138782
3.170419
3.201929
3.236256
3.270199
3.301709
3.333346
3.364600
3.393163
3.419549
3.450034
3.477445
3.504343
3.533163
3.560189
3.590162
3.617188
3.643318
3.672266
3.698011
3.722604
3.749502
3.770509
3.793949
3.817004
3.841725
3.864781
3.888477
3.910508
3.933180
3.955851
3.978651
4.001578
4.024762
4.047434
4.069849
4.090855
4.110324
4.128769
4.144140
4.160791
4.177955
4.193838
4.210361
4.226116
4.241230
4.256216
4.272099
4.286573
4.304633
4.325255
4.345493
4.365346
4.384816
4.403517
4.421577
4.440662
4.460259
4.479856
4.499582
4.519436
4.538008
4.558374
4.577844
4.597441
4.617423
4.637020
4.655465
4.673909
4.693122
4.712335
4.730780
4.749609
4.768950
4.787138
4.806352
4.826077
4.847211
4.868346
4.890249
4.911767
4.932774
4.954165
4.976707
4.999763
5.022691
5.045619
5.067137
5.087888
5.107613
5.126314
5.143477
5.159360
5.173834
5.187411
5.199964
5.211748
5.223660
5.235444
5.247356
5.259653
5.271181
5.283861
5.295517
5.306917
5.318829
5.331510
5.344959
5.358152
5.371473
5.384538
5.397603
5.409387
5.421299
5.433723
5.445123
5.456267
5.468179
5.479579
5.490722
5.501482
5.511729
5.521592
5.530942
5.540677
5.548362
5.554766
5.561683
5.568471
5.575004
5.581665
5.587556
5.593576
5.599340
5.605489
5.611637
5.618169
5.624958
5.632259
5.639560
5.646733
5.653778
5.660822
5.667227
5.672350
5.677217
5.681829
5.686312
5.690795
5.696431
5.701554
5.706678
5.711545
5.716413
5.721024
5.725635
5.730118
5.734601
5.738828
5.742798
5.746001
5.749203
5.751764
5.754198
5.757016
5.759193
5.761755
5.764189
5.766495
5.768672
5.771234
5.773411
5.775589
5.778022
5.780072
5.782249
5.784171
5.785964
5.787629
5.789166
5.790575
5.791856
5.793137
5.794417
5.795570
5.796467
5.797364
5.798132
5.799029
5.799925
5.800566
5.801334
5.802231
5.802999
5.803768
5.804409
5.804921
5.805561
5.806074
5.806586
5.806970
5.807483
5.807867
5.808251
5.808507
5.808635
5.808764
5.808891
5.809148
5.809148
5.809276
5.809404
5.809404
5.809404
5.809404
5.809532
5.809532
5.809532
5.809532
5.809532
5.809532
5.809532
5.809532
5.809532
5.809532
5.809532
5.809532
5.809532
5.809532
5.809404
5.809404
5.809404
5.809404
5.809404
5.809404
5.809276
5.809276
5.809276
5.809276
5.809148
5.809020
5.808891
5.808891
5.808764
5.808764
5.808635
5.808635
5.808635
5.808635
5.808635
5.808764
5.808764
5.808764
5.808764
5.808764
5.809020
5.809404
5.809916
5.810685
5.811453
-1.196080
-1.196208
-1.196336
-1.196336
-1.196336
-1.196336
-1.196336
-1.196336
-1.196336
-1.196336
-1.196336
-1.196336
-1.196336
-1.196336
-1.196336
-1.196336
-1.196336
-1.196336
-1.196336
-1.196336
