10.347641
10.359799
10.371931
10.384062
10.396206
10.408349
10.420487
10.432647
10.444798
10.456952
10.469096
10.481256
10.493273
10.506106
10.518198
10.530697
10.542136
10.554274
10.566263
10.578383
10.589794
10.602302
10.615072
10.626245
10.639366
10.651680
10.663904
10.675958
10.687981
10.700671
10.711546
10.724281
10.736657
10.748655
10.760756
10.772834
10.784926
10.797000
10.809101
10.821159
10.833241
10.845327
10.857403
10.869494
10.881569
10.893668
10.905753
10.917843
10.929934
10.942019
10.954111
10.966191
10.978276
10.990369
11.002449
11.014555
11.026649
11.038766
11.050873
11.062987
11.075085
11.087200
11.099305
11.111425
11.123543
11.135663
11.147778
11.159904
11.172021
11.184156
11.196291
11.208421
11.220838
11.233594
11.245730
11.257671
11.269807
11.281928
11.294354
11.306421
11.318341
11.330775
11.342861
11.354928
11.367014
11.378957
11.390990
11.403017
11.415056
11.427086
11.439114
11.451147
11.463185
11.475196
11.487229
11.499254
11.511293
11.523310
11.535344
11.547374
11.559407
11.571449
11.583473
11.595504
11.607553
11.619597
11.631629
11.643682
11.655718
11.667767
11.679801
11.691852
11.703905
11.715955
11.728030
11.740083
11.752160
11.764220
11.776287
11.788364
11.800442
11.812520
11.824615
11.836690
11.848777
11.860871
11.872957
11.885030
11.897132
11.909234
11.921321
11.933433
11.945514
11.957605
11.969694
11.981789
11.993879
12.005980
12.017502
12.030778
12.042944
12.054945
12.066941
12.079043
12.091116
12.103179
12.115245
12.127327
12.139387
12.151458
12.163538
12.175591
12.187634
12.199690
12.211723
12.223768
12.235799
12.247842
12.259889
12.271915
12.283972
12.296021
12.308060
12.320105
12.332155
12.344203
12.356255
12.368305
12.380348
12.392393
12.404440
12.416496
12.428531
12.440570
12.452620
12.464666
12.476722
12.488794
12.500848
12.512888
12.524952
12.537001
12.549068
12.561119
12.573174
12.585215
12.597264
12.609322
12.621368
12.633428
12.645504
12.657553
12.669622
12.681685
12.693731
12.705801
12.717864
12.729920
12.741972
12.754038
12.766088
12.778152
12.790216
12.802278
12.814333
12.826394
12.838438
12.850492
12.862534
12.874594
12.886657
12.898707
12.910779
12.922818
12.934876
12.946914
12.958951
12.970992
12.983041
12.995094
13.007147
13.019192
13.031248
13.043295
13.055345
13.067388
13.079439
13.091497
13.103543
13.115582
13.127629
13.139683
13.151723
13.163794
13.175839
13.187877
13.199933
13.211965
13.223994
13.236026
13.248060
13.260094
13.272120
13.284034
13.296068
13.308090
13.320109
13.332146
13.344180
13.356203
13.368219
13.380259
13.392290
13.404318
13.416359
13.428393
13.440434
13.452469
13.464489
13.476518
13.488552
13.500577
13.512607
13.524650
13.536667
13.548697
13.560712
13.572718
13.584723
13.596740
13.608745
13.620780
13.632804
13.644834
13.656856
13.668889
13.680901
13.692927
13.704944
13.716983
13.728987
13.741004
13.753028
13.765030
13.777065
13.789096
13.801111
13.813131
13.825157
13.837172
13.849196
13.861225
13.873249
13.885282
13.897306
13.909320
13.921351
13.933369
13.945397
13.957414
13.969440
13.981436
13.993455
14.005472
14.017483
14.029494
14.041517
14.053530
14.065549
14.077557
14.089558
14.101561
14.113568
14.125567
14.137567
14.149579
14.161566
14.173576
14.185586
14.197595
14.209603
14.221608
14.233615
14.245620
14.257628
14.269622
14.281620
14.293620
14.305614
14.317606
14.329613
14.341601
14.353592
14.365593
14.377593
14.389572
14.401558
14.413556
14.425542
14.437530
14.449514
14.461504
14.473495
14.485492
14.497491
14.509490
14.521484
14.533482
14.545475
14.557459
14.569445
14.581452
14.593423
14.605402
14.617395
14.629381
14.641354
14.653350
14.665322
14.677315
14.689295
14.701283
14.713255
14.725218
14.737205
14.749184
14.761147
14.773149
14.785113
14.797092
14.809083
14.821040
14.833018
14.844995
14.856962
14.868937
14.880899
14.892872
14.904837
14.916824
14.928788
14.940775
14.952748
14.964716
14.976699
14.988659
15.000618
15.012595
15.024573
15.036543
15.048501
15.060463
15.072422
15.084128
15.096089
15.108047
15.120003
15.131978
15.143935
15.155898
15.167859
15.179809
15.191764
15.203724
15.215667
15.227611
15.239565
15.251523
15.263481
15.275443
15.287399
15.299350
15.311301
15.323257
15.335204
15.347162
15.359103
15.371040
15.382988
15.394931
15.406858
15.418796
15.430734
15.442666
15.454616
15.466559
15.478498
15.490455
15.502385
15.514340
15.526283
15.538210
15.550146
15.562075
15.574010
15.585942
15.597880
15.609797
15.621593
15.633533
15.645475
15.657395
15.669311
15.681251
15.693189
15.705091
15.717037
15.728952
15.740864
15.752783
15.764701
15.776626
15.788553
15.800462
15.812374
15.824292
15.836216
15.848132
15.860037
15.871948
15.883844
15.895741
15.907622
15.919518
15.931427
15.943329
15.955239
15.967139
15.979035
15.990924
16.002813
16.014698
16.026604
16.038475
16.050343
16.062239
16.074121
16.086025
16.097900
16.109785
16.121651
16.133522
16.145390
16.157263
16.169136
16.181011
16.192873
16.204718
16.216566
16.228409
16.240232
16.252052
16.263874
16.275671
16.287447
16.299229
16.310968
16.322708
16.334431
16.346132
16.357813
16.369471
16.381115
16.392729
16.404325
16.416018
16.427700
16.439362
16.451006
16.462616
16.474186
16.485815
16.497393
16.509033
16.520611
16.532242
16.544008
16.555563
16.567022
16.578438
16.589888
16.601383
16.613146
16.624903
16.636663
16.648773
16.660860
16.673290
16.685764
16.698416
16.711090
16.723902
16.736143
16.747837
16.758797
16.768875
16.778524
16.787573
16.796528
16.805218
16.813683
16.821255
16.828766
16.836502
16.843597
16.850607
16.857157
16.863491
16.869505
16.874969
16.880224
16.884926
16.889559
16.893709
16.897377
16.900833
16.904028
16.906637
16.908890
16.911093
16.912716
16.914074
16.914934
16.915384
16.915154
16.914198
16.912653
16.911312
16.908735
16.904800
16.900808
16.896994
16.892853
16.888338
16.884451
16.877563
16.870880
16.863165
16.854017
16.842886
16.833073
16.824085
16.815126
16.806076
16.796335
16.784971
16.773203
16.761274
16.749771
16.737711
16.724508
16.709436
16.693138
16.674913
16.657080
16.638329
16.619257
16.602591
16.585260
16.568197
16.549355
16.529062
16.507635
16.485600
16.462803
16.439768
16.417135
16.392460
16.367434
16.341930
16.316504
16.291355
16.263227
16.239525
16.206785
16.178864
16.150873
16.121758
16.095015
16.068016
16.041479
16.013353
15.983670
15.955895
15.926934
15.901519
15.874688
15.846534
15.817760
15.789055
15.759868
15.729026
15.696303
15.662758
15.628185
15.594043
15.558265
15.523014
15.486559
15.451036
15.412272
15.377133
15.339103
15.299727
15.262101
15.224040
15.186170
15.147052
15.106670
15.065967
15.025007
14.982454
14.940349
14.897270
14.854929
14.812014
14.769127
14.726216
14.682086
14.635784
14.590398
14.544436
14.498404
14.451061
14.404366
14.356509
14.307925
14.259888
14.211094
14.161013
14.111670
14.062772
14.013421
13.963194
13.912994
13.863989
13.810794
13.757849
13.706899
13.657675
13.602796
13.548553
13.495248
13.441043
13.385579
13.329732
13.275845
13.219939
13.164350
13.109581
13.054996
13.002035
12.948693
12.894043
12.839317
12.790802
12.734253
12.680489
12.626571
12.573572
12.517413
12.462136
12.406228
12.355002
12.297604
12.245129
12.191103
12.133562
12.079405
12.020143
11.963953
11.908516
11.848380
11.791365
11.731791
11.673005
11.610223
11.551842
11.490294
11.427073
11.363010
11.300808
11.238179
11.172440
11.106754
11.042529
10.977754
10.912588
10.849560
10.788995
10.723186
10.660171
10.597284
10.532413
10.469111
10.403157
10.339540
10.276734
10.210866
10.147548
10.084901
10.019142
9.959620
9.896941
9.834447
9.770267
9.707660
9.644168
9.582047
9.519144
9.456098
9.392821
9.329253
9.265206
9.201588
9.137991
9.075477
9.013920
8.952909
8.894797
8.835587
8.775407
8.716868
8.657655
8.599101
8.541121
8.482804
8.423459
8.365486
8.304482
8.241331
8.178644
8.116079
8.053677
7.991723
7.930112
7.867408
7.804237
7.740891
7.677101
7.612893
7.549676
7.484480
7.419858
7.354969
7.289482
7.224292
7.159637
7.094758
7.028881
6.963019
6.897604
6.831589
6.764946
6.699248
6.632328
6.564842
6.496095
6.427055
6.356921
6.287168
6.217635
6.147478
6.076181
6.004283
5.932267
5.859922
5.788486
5.717157
5.646280
5.575841
5.506375
5.437667
5.369983
5.302855
5.236677
5.171119
5.105306
5.039562
4.973760
4.907670
4.842850
4.776555
4.711268
4.646146
4.580473
4.514185
4.447293
4.380619
4.313768
4.247017
4.180088
4.114160
4.047682
3.981038
3.915195
3.849411
3.782457
3.716514
3.650509
3.584751
3.519044
3.454108
3.389413
3.324053
3.260771
3.198313
3.135157
3.072091
3.009215
2.946240
2.883932
2.821366
2.759109
2.696451
2.633801
2.570882
2.507767
2.444207
2.380640
2.317201
2.253849
2.190406
2.127452
2.065620
2.003777
1.942056
1.880455
1.818862
1.755697
1.693828
1.631786
1.569896
1.507930
1.446208
1.384437
1.322760
1.261067
1.199573
1.138301
1.077705
1.016915
0.956707
0.896575
0.836003
0.776077
0.715761
0.655535
0.595471
0.535532
0.475209
0.415257
0.355308
0.295089
0.235239
0.175241
0.115517
0.055861
-0.003714
-0.063203
-0.122582
-0.181838
-0.241099
-0.300400
-0.359583
-0.418519
-0.477463
-0.536268
-0.595215
-0.654154
-0.712837
-0.771641
-0.830553
-0.889322
-0.948105
-1.006745
-1.065290
-1.123963
-1.182478
-1.241004
-1.299421
-1.357937
-1.416337
-1.474748
-1.533029
-1.591166
-1.649314
-1.707467
-1.765751
-1.823754
-1.881879
-1.939999
-1.997979
-2.055988
-2.113971
-2.172080
-2.230036
-2.287992
-2.345970
-2.403932
-2.461853
-2.519792
-2.577718
-2.635632
-2.693550
-2.751441
-2.809371
-2.867265
-2.925163
-2.982929
-3.040808
-3.098679
-3.156545
-3.214411
-3.272271
-3.329989
-3.387839
-3.445683
-3.503533
-3.561229
-3.618921
-3.676599
-3.734416
-3.792089
-3.849875
-3.907495
-3.965214
-4.022905
-4.080555
-4.138174
-4.195883
-4.253429
-4.310918
-4.368337
-4.425701
-4.483221
-4.540855
-4.598547
-4.656473
-4.714335
10.105395
10.117576
10.129555
10.141739
10.153856
10.165914
10.178020
10.190125
10.202233
10.214349
10.226456
10.238569
10.250683
10.262794
10.274912
10.287035
10.299150
10.311269
10.323385
10.335513
